[ACIDE]
0.188	
0.192	
0.195	
0.199	
0.203	
0.207	
0.21	
0.214	
0.218	
0.221	
0.225	
0.227	
0.231	
0.234	
0.237	
0.241	
0.243	
0.247	
0.249	
0.252	
0.254	
0.256	
0.258	
0.261	
0.263	
0.265	
0.266	
0.268	
0.269	
0.27	
0.272	
0.273	
0.273	
0.274	
0.274	
0.275	
0.275	
0.275	
0.274	
0.274	
0.273	
0.273	
0.272	
0.271	
0.27	
0.269	
0.267	
0.265	
0.263	
0.262	
0.259	
0.257	
0.255	
0.253	
0.25	
0.247	
0.244	
0.241	
0.238	
0.235	
0.232	
0.229	
0.225	
0.221	
0.217	
0.214	
0.209	
0.205	
0.201	
0.197	
0.193	
0.189	
0.185	
0.18	
0.176	
0.172	
0.168	
0.164	
0.159	
0.155	
0.15	
0.147	
0.142	
0.139	
0.135	
0.13	
0.127	
0.123	
0.12	
0.115	
0.112	
0.108	
0.104	
0.101	
0.097	
0.094	
0.09	
0.087	
0.083	
0.08	
0.077	
0.074	
0.072	
0.068	
0.066	
0.064	
0.061	
0.058	
0.055	
0.052	
0.05	
0.048	
0.045	
0.044	
0.041	
0.039	
0.038	
0.036	
0.034	
0.032	
0.031	
0.029	
0.028	
0.026	
0.024	
0.023	
0.022	
0.021	
0.019	
0.017	
0.016	
0.015	
0.014	
0.013	
0.012	
0.011	
0.01	
0.009	
0.008	
0.007	
0.007	
0.007	
0.005	
0.005	
0.004	
0.004	
0.003	
0.003	
0.002	
0.002	
0.002	
0.001	
0.001	
0.001	
0	
0	
0	
0	
0	
-0.001	
-0.001	
-0.001	
-0.001	
-0.001	
-0.001	
-0.001	
-0.002	
-0.002	
-0.002	
-0.002	
-0.003	
-0.003	
-0.003	
-0.003	
-0.003	
-0.004	
-0.004	
-0.004	
-0.005	
-0.005	
-0.005	
-0.005	
-0.006	
-0.005	
-0.005	
-0.006	
-0.006	
-0.006	
-0.006	
-0.007	
-0.006	
-0.007	
-0.007	
-0.007	
-0.007	
-0.007	
-0.007	
-0.007	
-0.007	
-0.007	
-0.007	
-0.007	
-0.006	
-0.006	
-0.006	
-0.006	
-0.006	
-0.005	
-0.005	
-0.005	
-0.005	
-0.005	
-0.004	
-0.004	
-0.004	
-0.003	
-0.003	
-0.001	
-0.001	
-0.002	
-0.002	
-0.002	
-0.002	
-0.002	
-0.001	
-0.001	
-0.001	
-0.001	
0	
0	
0	
0	
0	
0	
0	
0.001	
0	
0.001	
0	
0.001	
0.001	
0.001	
0.001	
0.001	
0.001	
0.001	
0.002	
0.001	
0.001	
0.001	
0.002	
[BASE]
0.056	
0.053	
0.05	
0.047	
0.044	
0.041	
0.039	
0.037	
0.034	
0.032	
0.03	
0.028	
0.026	
0.024	
0.023	
0.022	
0.02	
0.019	
0.018	
0.017	
0.016	
0.016	
0.016	
0.016	
0.015	
0.015	
0.014	
0.014	
0.014	
0.014	
0.015	
0.015	
0.015	
0.015	
0.015	
0.015	
0.016	
0.016	
0.016	
0.016	
0.017	
0.017	
0.018	
0.019	
0.019	
0.02	
0.02	
0.021	
0.021	
0.022	
0.022	
0.023	
0.024	
0.025	
0.025	
0.026	
0.027	
0.028	
0.028	
0.03	
0.031	
0.032	
0.033	
0.033	
0.035	
0.035	
0.037	
0.038	
0.039	
0.04	
0.041	
0.043	
0.044	
0.046	
0.047	
0.049	
0.05	
0.052	
0.053	
0.055	
0.058	
0.059	
0.061	
0.063	
0.065	
0.068	
0.069	
0.072	
0.073	
0.076	
0.078	
0.081	
0.083	
0.085	
0.088	
0.09	
0.094	
0.096	
0.099	
0.102	
0.105	
0.109	
0.112	
0.115	
0.118	
0.123	
0.127	
0.13	
0.133	
0.137	
0.141	
0.145	
0.149	
0.153	
0.157	
0.161	
0.167	
0.171	
0.176	
0.181	
0.185	
0.191	
0.195	
0.202	
0.206	
0.212	
0.218	
0.224	
0.23	
0.236	
0.244	
0.249	
0.257	
0.263	
0.272	
0.278	
0.285	
0.293	
0.3	
0.308	
0.315	
0.324	
0.33	
0.338	
0.345	
0.354	
0.361	
0.368	
0.376	
0.382	
0.392	
0.398	
0.406	
0.413	
0.422	
0.429	
0.437	
0.445	
0.452	
0.461	
0.469	
0.479	
0.487	
0.497	
0.506	
0.518	
0.527	
0.538	
0.548	
0.561	
0.574	
0.586	
0.6	
0.611	
0.628	
0.64	
0.658	
0.671	
0.689	
0.703	
0.72	
0.736	
0.752	
0.768	
0.781	
0.795	
0.807	
0.819	
0.827	
0.835	
0.84	
0.842	
0.843	
0.839	
0.834	
0.825	
0.814	
0.799	
0.781	
0.763	
0.741	
0.719	
0.691	
0.669	
0.639	
0.616	
0.583	
0.557	
0.527	
0.501	
0.473	
0.446	
0.421	
0.394	
0.372	
0.347	
0.328	
0.304	
0.287	
0.264	
0.248	
0.227	
0.213	
0.194	
0.181	
0.167	
0.154	
0.14	
0.129	
0.119	
0.109	
0.101	
0.091	
0.084	
0.077	
0.073	
0.065	
0.06	
0.054	
0.051	
0.046	
0.043	
0.039	
0.037	
0.033	
0.031	
0.03	
0.027	
0.025	
0.022	
0.02	