[Cérium IV 0.1 M]
2.758
2.772
2.781
2.788
2.791
2.795
2.808
2.825
2.837
2.841
2.848
2.862
2.877
2.882
2.879
2.882
2.893
2.906
2.915
2.924
2.929
2.93
2.934
2.945
2.955
2.959
2.96
2.963
2.968
2.972
2.977
2.981
2.979
2.974
2.975
2.984
2.992
2.998
3.002
3.001
2.997
2.995
2.996
2.996
2.992
2.987
2.985
2.983
2.983
2.985
2.985
2.978
2.969
2.963
2.959
2.955
2.951
2.945
2.933
2.921
2.913
2.907
2.897
2.885
2.871
2.854
2.839
2.828
2.819
2.804
2.782
2.762
2.747
2.731
2.705
2.674
2.645
2.615
2.58
2.538
2.49
2.438
2.382
2.321
2.256
2.19
2.122
2.054
1.985
1.916
1.845
1.773
1.704
1.639
1.573
1.506
1.441
1.38
1.322
1.266
1.211
1.158
1.107
1.059
1.013
0.97
0.927
0.885
0.846
0.809
0.774
0.741
0.709
0.676
0.645
0.617
0.59
0.564
0.539
0.515
0.493
0.472
0.451
0.431
0.412
0.395
0.377
0.36
0.344
0.328
0.313
0.299
0.286
0.273
0.261
0.25
0.24
0.229
0.22
0.211
0.202
0.194
0.187
0.179
0.172
0.166
0.16
0.154
0.148
0.143
0.138
0.133
0.129
0.125
0.121
0.118
0.114
0.11
0.108
0.105
0.102
0.099
0.096
0.094
0.091
0.089
0.086
0.084
0.082
0.08
0.079
0.077
0.075
0.074
0.072
0.07
0.069
0.067
0.066
0.065
0.063
0.062
0.062
0.06
0.059
0.057
0.056
0.056
0.055
0.054
0.053
0.053
0.052
0.051
0.051
0.05
0.049
0.049
0.049
0.048
0.047
0.047
0.047
0.047
0.047
0.046
0.046
0.046
0.045
0.045
0.045
0.045
0.045
0.045
0.045
0.044
0.044
0.044
0.044
0.043
0.043
0.043
0.044
0.043
0.043
0.043
0.043
0.043
0.043
0.043
0.043
0.043
0.042
0.042
0.042
0.041
0.041
0.041
0.042
0.042
0.042
0.042
0.041
0.041
0.041
0.041
0.041
0.041
0.041
0.041
0.041
