[CuSO4 1 M]
0.027
0.026
0.026
0.026
0.026
0.026
0.026
0.026
0.026
0.026
0.026
0.026
0.026
0.025
0.025
0.025
0.025
0.024
0.024
0.024
0.024
0.024
0.024
0.024
0.024
0.024
0.024
0.024
0.023
0.023
0.023
0.023
0.023
0.023
0.023
0.023
0.023
0.023
0.023
0.023
0.023
0.023
0.023
0.023
0.023
0.023
0.023
0.023
0.023
0.023
0.023
0.023
0.023
0.023
0.023
0.023
0.024
0.024
0.024
0.024
0.024
0.024
0.024
0.024
0.025
0.025
0.025
0.025
0.026
0.026
0.026
0.026
0.026
0.026
0.027
0.027
0.028
0.028
0.029
0.029
0.029
0.03
0.031
0.032
0.032
0.033
0.033
0.034
0.034
0.035
0.036
0.037
0.038
0.039
0.039
0.04
0.041
0.042
0.043
0.044
0.046
0.047
0.048
0.049
0.051
0.052
0.054
0.055
0.057
0.059
0.061
0.063
0.065
0.067
0.068
0.07
0.073
0.075
0.078
0.08
0.083
0.086
0.088
0.091
0.094
0.098
0.101
0.104
0.107
0.111
0.115
0.119
0.123
0.127
0.132
0.136
0.141
0.146
0.151
0.156
0.161
0.166
0.171
0.177
0.183
0.189
0.195
0.2
0.206
0.212
0.218
0.225
0.231
0.238
0.246
0.253
0.26
0.268
0.275
0.284
0.292
0.301
0.31
0.319
0.328
0.338
0.348
0.357
0.368
0.378
0.389
0.401
0.412
0.424
0.436
0.45
0.463
0.477
0.49
0.505
0.52
0.536
0.552
0.568
0.583
0.599
0.616
0.635
0.652
0.67
0.689
0.709
0.728
0.747
0.767
0.788
0.809
0.831
0.852
0.873
0.895
0.918
0.942
0.965
0.987
1.01
1.034
1.059
1.084
1.109
1.134
1.159
1.186
1.213
1.24
1.268
1.296
1.325
1.352
1.38
1.409
1.439
1.471
1.505
1.536
1.567
1.599
1.632
1.665
1.698
1.732
1.765
1.798
1.829
1.86
1.894
1.927
1.961
1.993
2.021
2.048
2.076
2.104
2.129
2.152
2.174
2.196
2.216
2.234
2.247
2.258
