[Iode dans KI 0,1 mol/L]
2.752
2.763
2.772
2.779
2.782
2.788
2.802
2.821
2.829
2.825
2.826
2.840
2.857
2.867
2.872
2.876
2.881
2.885
2.884
2.883
2.887
2.895
2.901
2.901
2.901
2.901
2.902
2.903
2.905
2.907
2.912
2.916
2.915
2.911
2.907
2.903
2.897
2.890
2.882
2.876
2.871
2.860
2.844
2.825
2.806
2.784
2.759
2.730
2.700
2.667
2.631
2.587
2.540
2.494
2.448
2.399
2.346
2.292
2.237
2.180
2.123
2.064
2.003
1.940
1.879
1.822
1.766
1.708
1.650
1.594
1.542
1.490
1.439
1.389
1.341
1.294
1.249
1.207
1.165
1.123
1.083
1.046
1.011
0.976
0.943
0.911
0.881
0.852
0.825
0.799
0.773
0.747
0.724
0.703
0.681
0.660
0.640
0.621
0.604
0.587
0.571
0.556
0.542
0.529
0.516
0.503
0.492
0.480
0.470
0.460
0.451
0.442
0.433
0.425
0.418
0.411
0.404
0.398
0.392
0.386
0.380
0.375
0.370
0.365
0.360
0.356
0.351
0.347
0.342
0.339
0.335
0.331
0.327
0.323
0.319
0.316
0.312
0.309
0.305
0.302
0.299
0.296
0.292
0.289
0.285
0.282
0.279
0.276
0.273
0.269
0.266
0.263
0.259
0.256
0.254
0.250
0.247
0.243
0.240
0.237
0.234
0.231
0.228
0.224
0.221
0.217
0.214
0.210
0.207
0.204
0.200
0.197
0.193
0.190
0.187
0.183
0.179
0.175
0.172
0.168
0.165
0.161
0.158
0.154
0.151
0.148
0.145
0.141
0.138
0.135
0.132
0.129
0.126
0.122
0.119
0.117
0.114
0.111
0.108
0.106
0.103
0.100
0.098
0.096
0.094
0.091
0.089
0.086
0.084
0.082
0.080
0.078
0.076
0.074
0.071
0.069
0.068
0.066
0.064
0.062
0.061
0.059
0.058
0.056
0.054
0.053
0.051
0.050
0.048
0.047
0.045
0.044
0.043
0.042
0.041
0.039
0.038
0.038
0.037
0.036
0.035
0.034
0.033
0.032
0.031
0.030
0.029
0.028
0.028
0.027
0.026
0.026
0.025
0.024
0.024
0.024
0.023
0.022
0.022
0.021
0.019
0.018
0.017
0.017
0.017
0.016
0.016
0.015
0.015
0.014
0.014
0.013
0.013
0.012
0.012
0.011
1.000E-002
1.000E-002
1.000E-002
1.000E-002
9.000E-003
9.000E-003
9.000E-003
9.000E-003
9.000E-003
8.000E-003
8.000E-003
8.000E-003
7.000E-003
7.000E-003
7.000E-003
7.000E-003
7.000E-003
7.000E-003
7.000E-003
7.000E-003
6.000E-003
6.000E-003
6.000E-003
6.000E-003
6.000E-003
