[KMnO4 10^-3 M]
0.123
0.115
0.109
0.102
0.097
0.091
0.087
0.082
0.078
0.075
0.072
0.069
0.066
0.064
0.063
0.061
0.06
0.059
0.058
0.058
0.058
0.058
0.059
0.059
0.06
0.061
0.062
0.064
0.066
0.068
0.07
0.073
0.075
0.078
0.081
0.084
0.088
0.091
0.095
0.099
0.104
0.108
0.113
0.118
0.123
0.129
0.135
0.142
0.149
0.156
0.163
0.171
0.18
0.188
0.196
0.205
0.214
0.224
0.234
0.245
0.256
0.268
0.282
0.297
0.312
0.326
0.341
0.357
0.374
0.39
0.405
0.421
0.437
0.454
0.472
0.491
0.511
0.531
0.553
0.578
0.603
0.627
0.652
0.677
0.703
0.728
0.751
0.774
0.796
0.818
0.84
0.863
0.885
0.908
0.933
0.961
0.99
1.021
1.052
1.083
1.115
1.147
1.178
1.208
1.235
1.261
1.285
1.307
1.327
1.344
1.362
1.38
1.399
1.418
1.438
1.46
1.483
1.508
1.534
1.559
1.585
1.608
1.631
1.651
1.666
1.677
1.683
1.685
1.683
1.678
1.672
1.665
1.659
1.654
1.65
1.649
1.651
1.653
1.657
1.661
1.667
1.671
1.672
1.669
1.661
1.649
1.63
1.606
1.575
1.539
1.501
1.462
1.423
1.384
1.346
1.309
1.274
1.242
1.215
1.189
1.165
1.143
1.124
1.105
1.086
1.067
1.046
1.024
0.999
0.972
0.941
0.907
0.871
0.834
0.794
0.752
0.709
0.668
0.628
0.589
0.551
0.516
0.482
0.451
0.423
0.397
0.373
0.352
0.332
0.315
0.299
0.285
0.272
0.26
0.25
0.241
0.233
0.226
0.22
0.214
0.208
0.203
0.199
0.196
0.192
0.189
0.186
0.183
0.18
0.178
0.175
0.173
0.171
0.17
0.168
0.166
0.164
0.163
0.161
0.159
0.158
0.157
0.156
0.154
0.153
0.152
0.151
0.149
0.148
0.147
0.145
0.144
0.143
0.142
0.14
0.139
0.138
0.137
0.135
0.134
0.134
0.132
0.13
0.129
0.128
0.127
0.126
0.124
0.123
0.122
0.12
