[Solution de sulfate de nickel]
0.085
0.091
0.097
0.104
0.112
0.121
0.130
0.140
0.150
0.162
0.174
0.188
0.202
0.217
0.232
0.249
0.268
0.286
0.305
0.325
0.346
0.367
0.387
0.408
0.428
0.448
0.468
0.487
0.507
0.526
0.544
0.561
0.573
0.584
0.619
0.687
0.747
0.770
0.779
0.789
0.799
0.807
0.814
0.818
0.820
0.820
0.817
0.812
0.806
0.798
0.787
0.776
0.763
0.749
0.734
0.718
0.700
0.681
0.662
0.643
0.623
0.601
0.579
0.557
0.535
0.514
0.493
0.472
0.449
0.425
0.403
0.383
0.363
0.343
0.323
0.304
0.286
0.269
0.252
0.237
0.222
0.208
0.195
0.183
0.171
0.160
0.151
0.142
0.135
0.127
0.120
0.114
0.109
0.104
0.099
0.095
0.091
0.088
0.084
0.081
0.079
0.076
0.074
0.072
0.069
0.067
0.065
0.063
0.061
0.060
0.058
0.056
0.054
0.052
0.050
0.048
0.046
0.044
0.042
0.040
0.038
0.036
0.035
0.033
0.031
0.029
0.027
0.025
0.024
0.022
0.021
0.019
0.018
0.017
0.015
0.014
0.013
0.012
0.011
0.011
1.000E-002
9.000E-003
9.000E-003
8.000E-003
7.000E-003
7.000E-003
7.000E-003
7.000E-003
7.000E-003
6.000E-003
6.000E-003
6.000E-003
6.000E-003
6.000E-003
6.000E-003
6.000E-003
6.000E-003
6.000E-003
6.000E-003
7.000E-003
7.000E-003
7.000E-003
8.000E-003
8.000E-003
8.000E-003
8.000E-003
8.000E-003
9.000E-003
1.000E-002
1.000E-002
1.000E-002
0.011
0.011
0.011
0.012
0.012
0.013
0.013
0.014
0.014
0.014
0.015
0.016
0.016
0.017
0.017
0.018
0.018
0.019
0.019
0.020
0.021
0.021
0.021
0.021
0.022
0.022
0.022
0.023
0.023
0.024
0.024
0.025
0.025
0.026
0.026
0.027
0.028
0.029
0.030
0.030
0.031
0.032
0.033
0.034
0.035
0.036
0.037
0.038
0.039
0.040
0.042
0.043
0.045
0.046
0.048
0.050
0.051
0.053
0.055
0.057
0.058
0.060
0.063
0.065
0.067
0.070
0.072
0.074
0.077
0.079
0.082
0.084
0.087
0.090
0.092
0.095
0.098
0.101
0.104
0.107
0.110
0.113
0.116
0.120
0.123
0.127
0.130
0.133
0.137
0.140
0.144
0.148
0.151
0.155
0.159
0.163
0.167
0.171
0.175
0.179
0.183
0.187
0.192
0.196
0.201
0.205
0.210
0.214
0.219
0.223
0.228
0.232
0.237
0.241
0.246
0.250
0.254
0.258
0.263
0.267
0.270
0.274
0.277
0.281
0.285
0.287
0.291
0.294
0.296
0.299
0.301
0.303
0.305
0.307
0.309
0.310
0.311
0.312
0.313
0.316
0.318
0.318
0.318
0.318
0.318
0.318
0.318
0.318
0.318
0.318
0.318
0.319
0.319
0.319
0.320
0.320
0.320
0.321
0.322
0.322
0.323
0.324
0.324
0.325
0.327
0.328
0.329
0.330
0.331
0.333
0.334
0.335
0.337
0.338
0.339
0.341
0.343
0.344
0.345
0.346
