1462
1494
1452
1475
1505
1532
1363
1624
1625
1643
1651
1614
1524
1597
1555
1601
1476
1641
1515
1632
1522
1474
1526
1623
1486
1514
1505
1593
1448
1515
1613
1558
1490
1639
1509
1597
1536
1634
1651
1580
1538
1569
1558
1494
1549
1494
1630
1645
1576
1629
1575
1562
1655
1559
1657
1540
1595
1761
1520
1572
1665
1644
1716
1556
1741
1628
1654
1727
1626
1723
1662
1764
1774
1673
1770
1628
1701
1881
1693
1698
1721
1773
1713
1740
1738
1739
1697
1681
1793
1782
1758
1731
1773
1689
1816
1706
1777
1751
1668
1672
1654
1707
1646
1780
1728
1719
1809
1821
1711
1774
1803
1789
1791
1801
1792
1767
1658
1782
1660
1723
1896
1867
1795
1955
1794
1832
1858
1854
1821
1854
1843
1851
1875
1890
1768
1800
1783
1815
1730
1818
1728
1816
1801
1791
1816
1802
1883
1789
1835
1860
1781
1873
1783
1747
1813
1693
1900
1829
1885
1843
1797
1953
1909
1890
1870
1943
1856
1898
1847
1835
1909
1925
1886
1886
1885
1854
1837
1893
1915
1982
1890
1907
1853
1900
1914
1875
1992
2000
1915
1837
1947
1928
1948
1835
1891
1853
1797
1837
1884
1947
1900
1905
1916
1828
1892
1973
1949
1941
1981
1955
1894
1936
2042
2032
2037
2061
2017
1962
1959
2018
1975
2057
2119
1997
2014
2043
1863
1957
1945
1991
1943
1990
1928
1963
1886
1835
1795
1852
1892
1902
1859
1891
2033
1861
1932
1904
1882
1868
1953
1843
1789
1852
1943
1863
1917
1868
1750
1896
1833
1944
1909
1787
1842
1816
1906
1868
1884
1930
1917
1976
1796
1860
1891
1902
1806
1923
1912
1943
1841
1947
1863
1947
1998
1937
1904
1999
1916
1976
1694
2037
1859
1970
1975
1865
1902
1776
1878
1858
1820
1949
1866
1854
1841
1722
1781
1790
1731
1838
1763
1789
1766
1794
1610
1718
1692
1816
1745
1746
1677
1792
1652
1771
1659
1736
1688
1652
1711
1698
1809
1732
1683
1736
1712
1800
1764
1711
1644
1642
1733
1743
1738
1768
1721
1808
1831
1745
1659
1825
1589
1679
1609
1680
1702
1603
1671
1695
1723
1673
1628
1736
1629
1775
1783
1748
1727
1693
1714
1618
1625
1652
1545
1624
1621
1550
1577
1558
1502
1611
1634
1657
1597
1670
1665
1613
1670
1564
1579
1610
1546
1610
1533
1690
1590
1599
1560
1594
1592
1510
1585
1591
1638
1641
1640
1619
1666
1544
1586
1587
1609
1553
1515
1499
1556
1526
1634
1534
1533
1479
1570
1527
1469
1645
1506
1570
1556
1581
1467
1531
1493
1429
1518
1421
1469
1392
1587
1473
1360
1384
1456
1460
1482
1435
1407
1409
1432
1373
1478
1363
1420
1507
1441
1453
1437
1421
1442
1489
1467
1448
1467
1515
1498
1410
1529
1400
1401
1356
1405
1498
1421
1438
1414
1491
1495
1604
1513
1389
1436
1470
1390
1401
1321
1356
1377
1422
1449
1416
1402
1347
1298
1305
1376
1411
1342
1437
1281
1466
1406
1403
1392
1380
1357
1445
1418
1340
1364
1416
1415
1364
1561
1388
1438
1457
1481
1419
1451
1469
1407
1549
1451
1415
1433
1568
1433
1407
1350
1443
1494
1549
1589
1578
1515
1419
1510
1467
1474
1548
1529
1579
1547
1482
1565
1504
1626
1513
1479
1498
1628
1625
1638
1568
1546
1509
1580
1674
1549
1631
1582
1722
1571
1691
1733
1679
1686
1729
1777
1753
1721
1780
1711
1698
1664
1692
1719
1717
1567
1645
1696
1767
1761
1714
1781
1714
1721
1864
1808
1670
1743
1675
1739
1841
1802
1691
1763
1722
1701
1717
1808
1774
1696
1807
1736
1817
1830
1803
1825
1883
1875
1835
1785
1795
1896
1725
1817
1858
1777
1912
1909
1818
1997
1998
1957
2023
2059
2047
2133
2081
2147
2216
2145
2017
2062
2094
2016
2075
1962
2184
2161
2145
2156
2203
2274
2268
2246
2187
2184
2391
2215
2171
2281
2361
2209
2297
2193
2217
2248
2267
2161
2224
2300
2204
2311
2248
2283
2141
2247
2314
2249
2248
2239
2387
2236
2222
2247
2314
2301
2188
2399
2260
2297
2362
2254
2332
2302
2353
2383
2544
2509
2404
2572
2494
2437
2563
2509
2482
2570
2641
2540
2583
2664
2697
2700
2816
2702
2667
2832
2816
2909
3101
3026
2998
2828
3035
3060
3141
2951
3016
3035
3190
3116
3060
3082
3095
3108
3100
3160
3174
3248
3341
3316
3422
3405
3374
3354
3505
3293
3375
3252
3200
3263
3320
3270
3403
3395
3229
3273
3250
3374
3317
3079
3241
3422
3451
3353
3333
3270
3268
3292
3244
3480
3471
3412
3417
3547
3598
3477
3567
3498
3476
3417
3396
3361
3370
3265
3314
3309
3434
3348
3536
3545
3576
3593
3624
3525
3666
3515
3861
3684
3486
3642
3627
3577
3693
3600
3647
3510
3574
3679
3590
3574
3494
3611
3660
3792
3611
3635
3741
3749
3702
3831
3562
3783
3661
3838
3854
3743
3828
3619
3709
3874
3700
3615
3631
3460
3661
3713
3660
3640
3587
3491
3553
3526
3565
3747
3618
3631
3658
3618
3594
3714
3807
3716
3689
3726
3673
3919
3860
3687
3583
3632
3702
3709
3741
3741
3739
3675
3700
3699
3779
3758
3994
3772
3805
3604
3801
3694
3962
3853
3904
4242
3976
3743
3473
3399
3554
3631
3628
3913
3979
3794
3699
3768
3701
3779
3728
3756
3752
3832
3845
3977
3886
3829
3923
3840
3849
3838
3784
3738
3671
3693
3668
3566
3708
3533
3570
3525
3320
3431
3320
3470
3481
3553
3562
3558
3437
3410
3394
3465
3443
3449
3527
3461
3352
3524
3304
3280
3247
3164
3299
3167
3135
3318
3259
3195
3279
3155
3161
3067
3068
3100
3127
3355
3174
3242
3274
3327
3235
3437
3323
3417
3431
3349
3213
3223
3270
3225
3123
3133
3293
3319
3221
3241
3123
3218
3168
3360
3328
3333
3542
3306
3362
3305
3446
3329
3092
3202
3149
3063
3124
3151
3009
2946
3085
3139
3192
3089
2983
3009
2995
3033
3163
3019
3025
2994
2947
2947
2888
2885
2886
2770
2908
2761
2893
2922
2781
2726
2656
2762
2641
2640
2679
2554
2688
2603
2587
2403
2404
2547
2410
2422
2358
2190
2288
2383
2268
2370
2348
2243
2184
2156
2249
2298
2236
2024
2339
2332
2154
2247
2222
2273
2200
2270
2253
2229
2351
2168
2218
2264
2265
2216
2169
2227
2191
2243
2245
2233
2257
2269
2160
2211
2226
2153
2075
2177
2105
2147
1994
2040
1955
1954
1907
2101
2080
2028
2068
2015
1976
1946
1985
1973
2007
2042
1910
1841
1949
1921
1762
1885
1695
1882
1768
1684
1702
1755
1825
1741
1765
1740
1744
1759
1712
1688
1638
1709
1714
1498
1616
1537
1588
1550
1617
1560
1541
1511
1668
1531
1676
1538
1592
1677
1696
1670
1607
1733
1719
1476
1634
1608
1666
1658
1572
1728
1749
1671
1649
1687
1700
1795
1725
1741
1883
1804
1838
1858
1863
1967
1830
1743
1926
1813
1845
1806
1974
1926
1910
1971
1896
2031
2066
2019
1970
1926
1916
1967
1977
2026
2011
1924
2009
1957
1982
2154
2020
2158
2124
2230
2090
2075
2163
2255
2267
2134
2258
2366
2363
2376
2385
2447
2440
2365
2433
2343
2410
2532
2560
2587
2545
2602
2745
2773
2735
2712
2870
2879
3040
2923
2969
3166
3159
3160
3187
3186
3441
3401
3392
3482
3563
3449
3554
3659
3746
3693
3700
3709
3973
3926
4088
4165
4189
4071
4154
4405
4336
4583
4541
4650
4594
4823
4785
4960
5094
5093
5215
4933
5155
5215
5576
5454
5545
5340
5244
5754
5830
5876
6131
5933
6221
6346
6177
6297
6136
6604
6758
6591
6716
6565
6782
7048
6925
6834
6993
6967
7042
7275
7521
7306
7259
7052
7286
7431
7325
7243
7336
7483
7608
7905
7738
7448
7655
8091
7692
8106
8047
7872
8064
8284
8475
8004
8061
8477
8448
8404
8165
8795
8694
8701
8378
8426
8903
8730
8750
9025
9117
9026
8758
9251
9436
9652
8823
9145
9807
10004
9861
9350
9399
10135
10511
10475
10141
10107
10715
10794
10745
10661
10534
10109
10248
11274
12411
12301
11890
11120
11318
11465
12524
12704
13421
13100
12642
11722
12331
13146
13753
14109
14953
15265
14676
14097
13616
13924
14060
14688
14456
15914
16002
16374
17069
17194
16862
16558
16237
16213
16211
15521
15770
16150
16298
16299
16748
16496
17172
17467
18017
18366
18472
18936
18699
19638
19706
20843
19421
19224
19530
19353
19148
19226
19832
19741
19712
19602
19564
20264
19994
20222
20915
21312
21378
23104
23056
22932
23594
23718
23400
22839
23213
23019
21760
22469
24334
24527
24803
25158
26009
24925
23403
22952
24412
24220
24851
25530
27668
26648
24772
23685
24374
25022
25356
25960
25844
26205
25597
25300
26842
27260
27953
27654
26795
26194
26276
27272
27830
26816
26714
26413
27405
27241
28237
28140
28004
27863
26936
26891
27138
27889
28306
28341
28984
28064
27716
28434
28728
29307
29188
29012
29276
28535
28025
29743
30533
30062
29812
30365
31896
29961
31761
32616
29437
27505
27453
26637
26139
27426
30032
29689
29316
28805
28928
29125
30022
30273
30848
29952
31176
32075
32548
32004
30509
29241
31411
32996
30488
29398
29033
29370
30198
31170
36729
34788
34029
35544
34610
35831
36600
35956
36020
36589
38208
36013
36400
37362
37210
36590
35560
37125
38232
37529
38692
39481
38852
39869
37769
38310
38440
38976
40132
40228
40736
40170
40218
40358
40165
40293
40584
41188
40710
40980
40644
41986
41700
41481
42053
42716
42314
44088
43304
44100
43734
44332
43660
44989
43738
45113
44522
43784
44739
45568
44658
43246
43712
44096
44347
45540
46407
45976
45917
47068
46831
46117
47284
47066
46924
47444
48468
48404
48615
48685
49800
49156
49766
50604
49717
49594
49226
51031
50600
49972
50568
51099
50472
49777
49643
50228
51224
51128
51612
51666
51242
51060
51961
51972
51178
51332
50457
51616
51900
51051
53444
51729
51882
52036
52776
52308
52394
51468
53344
52900
53135
53659
53568
53019
54538
53382
53096
53607
54912
54245
53740
54168
52910
53636
54377
53744
52923
53181
53805
54484
54484
55748
54028
54980
54153
54425
54529
54413
54500
54632
54101
55156
54613
53891
54250
54022
55344
55177
55080
54634
53632
55151
55627
56091
55387
55555
55620
55214
53668
52215
51017
50276
51051
53419
55013
55508
55552
55048
56251
55662
54013
54672
53346
54252
54667
55847
54676
54644
56771
55166
55526
54676
54578
55672
55680
55616
54963
55554
55757
54941
54987
53716
55029
54207
54688
54068
54137
53876
54072
53098
53834
53376
53876
53602
54404
54220
53717
53679
53346
54628
54690
53349
53548
53841
55719
54746
53800
53418
53594
54820
54656
54057
53453
53880
54452
53913
53435
53837
53508
53012
54504
53906
54100
53541
52388
53320
52820
51904
53204
52004
52170
51611
50445
51020
50692
49786
51134
52801
51985
51927
52188
50472
51080
51869
51500
50186
52676
50861
49653
51493
52276
50904
51524
51129
51309
49114
50072
49778
49586
50587
50240
49997
47638
48980
49784
48688
48680
49424
48780
47560
48384
46796
46301
46077
47189
48593
46971
45449
45950
46265
46682
45690
46355
46544
47323
48006
46619
45121
46832
48768
47637
50022
44388
48784
51724
46939
41146
37924
32966
25453
26121
36248
38738
41847
44397
50474
47288
44581
44944
44304
42540
44054
46220
46116
45376
45687
43799
42240
42610
42158
41808
43965
44534
45786
45533
47506
49125
48025
43586
41815
41381
42133
40960
39347
39424
39244
39226
40850
40251
40522
40538
41414
41312
42788
44325
45714
46634
44694
43682
44890
43974
45602
46500
47128
45690
43944
42420
39867
38422
37387
37069
36260
36300
36302
37704
38586
38874
40025
40105
39923
38641
39269
38776
38615
38260
37675
36757
36253
34002
35593
36061
36564
36734
38176
38921
37466
37402
37670
36116
35285
34946
35388
34516
33152
31904
31356
32792
31588
31864
31840
31860
32409
33090
34246
33816
34983
34229
32975
32820
32791
31975
31080
31355
32301
31598
31290
31813
32141
33963
31936
30374
30009
30157
28874
29460
29993
31243
31220
30724
30084
29567
31187
30985
30581
28855
27822
26563
25640
27424
28277
29056
28232
27337
27368
27691
27583
27000
26570
25649
26553
28077
28104
27573
27020
26532
27056
27012
25861
26132
27851
27285
24891
24871
26349
26136
25208
24691
25186
25567
25370
25051
24559
25528
22756
22648
23329
21909
21522
22228
25530
24965
23236
24034
23588
23466
21839
21418
22693
23681
23188
23668
22644
21166
20957
21446
22372
22662
22875
21968
21511
19104
18520
18920
19796
20275
20650
20800
20908
18757
18476
18410
18043
17349
17358
17281
17718
17440
17876
16570
17668
17416
16719
16640
16164
15122
16246
16278
15267
15255
14971
15227
15328
15787
15392
14896
14574
15060
14957
14734
14030
13447
14055
13272
13786
13632
13843
13230
13662
14216
13469
13734
13917
13794
13881
13170
13214
13424
12664
13465
13666
13580
13368
13401
13201
12521
12712
12343
12612
13181
13082
12372
12189
12448
11844
11817
11540
11787
12015
12042
11520
11265
10704
11467
11394
11579
10800
10465
10104
10400
10786
10411
10314
9726
9599
9485
9508
9517
10237
9908
9293
9161
9301
9253
9039
8470
9247
9418
8922
8276
8360
8730
8069
7762
7881
8545
8144
8276
8078
8249
8041
7831
7987
7702
7403
7331
7102
7153
6778
6545
7094
7016
6610
6934
6940
6543
6854
6793
6529
6313
6714
6181
6316
6294
5801
6215
5770
5716
6057
5585
5660
5574
5376
5596
5298
5039
5201
5539
5527
5606
5798
5413
5286
5122
4994
5049
5149
5225
4945
4785
4621
4772
4788
4873
4852
4620
4342
4164
3867
4069
4092
4310
4428
4053
4068
3977
3895
3778
4080
4169
4052
4238
3900
3785
3675
3756
3810
3738
3634
3446
3508
3623
3618
3361
3285
3299
3496
3214
3123
3227
3227
3219
3198
2977
3025
2978
2836
3064
2789
2834
2966
2829
2651
2755
2690
2712
2664
2638
2739
2614
2536
2605
2391
2492
2429
2442
2522
2431
2602
2535
2384
2396
2292
2298
2363
2165
2081
2201
2206
2138
2190
2046
2010
2284
2163
2233
2115
2109
2054
2019
2152
1984
1835
1858
1841
1746
1739
1780
1908
1708
1713
1787
1716
1630
1579
1627
1721
1696
1668
1674
1710
1687
1623
1617
1644
1623
1657
1606
1592
1576
1601
1533
1598
1626
1641
1650
1769
1608
1497
1516
1483
1541
1460
1509
1470
1497
1401
1500
1360
1427
1365
1336
1505
1477
1413
1349
1443
1384
1405
1370
1389
1422
1374
1450
1462
1345
1466
1459
1343
1449
1372
1318
1343
1419
1338
1330
1401
1374
1365
1376
1556
1398
1269
1357
1306
1260
1383
1420
1394
1518
1475
1388
1412
1477
1382
1454
1423
1428
1517
1487
1500
1448
1475
1461
1492
1565
1454
1628
1555
1632
1470
1571
1638
1698
1623
1680
1611
1630
1674
1736
1576
1636
1581
1649
1745
1713
1659
1720
1749
1748
1846
1836
1867
1753
1930
1806
1803
1810
1838
1874
1849
2067
1963
1929
2053
2002
2012
2012
2056
2052
2112
2046
2106
2115
2276
2145
2146
2076
2137
2104
2120
2223
2090
2075
2068
2126
2069
2147
2210
2241
2223
2373
2173
2191
2253
2278
2339
2470
2508
2446
2366
2362
2229
2375
2397
2414
2416
2504
2570
2636
2552
2429
2447
2334
2349
2274
2252
2317
2258
2217
2292
2382
2281
2343
2381
2354
2324
2421
2502
2509
2340
2482
2532
2574
2507
2497
2576
2464
2467
2344
2390
2412
2462
2371
2417
2372
2441
2489
2381
2403
2262
2487
2282
2408
2229
2259
2221
2266
2228
2521
2638
2689
2717
2626
2688
2800
2652
2615
2942
2779
2781
2727
2833
2761
2563
2530
2407
2699
2577
2510
2574
2615
2602
2685
2652
2784
2591
2633
2761
2786
2874
2810
2835
2728
2973
3033
3077
3038
3213
3254
3412
3353
3194
3109
3354
3257
3246
3402
3386
3152
3315
3407
3306
3499
3183
2925
3085
3005
3046
3020
2968
2967
2897
3037
3273
3236
3307
3444
3477
3422
3575
3500
3257
3388
3401
3404
3465
3589
3821
3757
3707
3363
3464
3337
3336
3425
3293
3320
3396
3229
3085
3059
3133
3318
3271
3202
3236
3171
3369
3084
3180
2907
3085
3355
3307
3526
3301
3259
3100
3132
3584
3378
3613
3552
3316
3156
3027
2978
3131
3304
3446
3648
3560
3317
3208
2851
2922
2929
2902
2980
3104
3078
2964
3214
3292
3209
2983
2964
2860
2795
2953
2937
2853
2807
2914
2766
2646
2769
2885
3010
2804
2938
2970
2779
2871
2741
2712
2679
2614
2533
2704
2658
2635
2672
2463
2554
2513
2587
2609
2592
2539
2578
2529
2513
2534
2695
2616
2583
2604
2596
2739
2532
2383
2322
2408
2594
2643
2866
2901
2859
2908
2791
2603
2630
2755
2971
3024
2845
2671
2547
2615
2752
2844
2999
2830
2878
2614
2553
2593
2591
2702
2728
2731
2533
2706
2747
2737
2717
2746
2518
2719
2828
2695
2686
2741
2754
2702
2621
2573
2728
2761
2621
2436
2673
2449
2299
2571
2552
2466
2316
2623
2604
2471
2532
2454
2370
2347
2465
2419
2244
2390
2367
2342
2362
2290
2183
2121
2457
2139
2111
2188
2133
1957
2018
2065
2127
1970
1959
1944
1905
1886
1829
1856
1834
1875
2049
1900
1989
2031
2003
1932
1892
1867
1908
1839
1893
1837
1671
1671
1688
1701
1629
1830
1786
1707
1651
1747
1774
1663
1738
1689
1734
1811
1715
1680
1768
1736
1730
1736
1707
1716
1602
1686
1749
1724
1731
1669
1631
1706
1680
1726
1819
1742
1754
1766
1600
1680
1746
1763
1598
1770
1681
1772
1737
1742
1734
1677
1658
1670
1648
1633
1619
1590
1600
1621
1596
1575
1563
1438
1565
1527
1541
1484
1527
1620
1567
1547
1586
1517
1594
1472
1591
1527
1408
1366
1421
1348
1303
1376
1420
1450
1420
1446
1497
1525
1445
1435
1459
1422
1388
1466
1437
1500
1480
1377
1469
1388
1451
1371
1328
1353
1419
1293
1321
1260
1319
1319
1399
1310
1365
1496
1379
1390
1408
1336
1353
1274
1280
1410
1312
1332
1376
1376
1252
1308
1252
1254
1346
1304
1299
1307
1344
1339
1383
1388
1447
1389
1441
1377
1393
1270
1285
1211
1358
1239
1290
1259
1405
1421
1312
1378
1370
1444
1311
1291
1364
1300
1301
1277
1376
1332
1423
1362
1245
1305
1236
1357
1365
1398
1371
1398
1316
1455
1519
1501
1518
1412
1488
1439
1425
1418
1414
1543
1493
1427
1506
1456
1524
1442
1468
1545
1472
1436
1528
1535
1522
1437
1439
1438
1398
1512
1502
1556
1597
1540
1479
1377
1589
1620
1632
1437
1541
1545
1553
1466
1583
1551
1478
1528
1575
1583
1527
1534
1540
1541
1545
1532
1432
1483
1531
1585
1484
1501
1530
1415
1412
1670
1555
1472
1541
1597
1487
1528
1437
1502
1478
1581
1554
1553
1600
1607
1557
1512
1466
1505
1530
1563
1601
1500
1584
1581
1751
1699
1666
1709
1644
1685
1723
1663
1754
1623
1678
1742
1715
1777
1728
1756
1735
1732
1799
1867
1769
1824
1768
1722
1830
1667
1820
1664
1754
1771
1795
1833
1712
1837
1723
1792
1830
1839
1758
1739
1754
1854
1768
1770
1842
1773
1756
1838
1858
1709
1725
1830
1735
1783
1701
1659
1725
1733
1682
1830
1707
1795
1823
1655
1705
1665
1695
1742
1697
1779
1689
1805
1766
1716
1736
1735
1740
1830
1821
1729
1851
1788
1972
1937
1894
1781
1835
1820
1955
1866
1781
1868
1859
1806
1893
1923
1901
1881
1948
1936
2031
1919
2019
2035
2075
1991
1994
1985
2107
2010
1978
2008
1948
1859
1925
1971
1965
1938
1921
2019
1964
2067
1969
2025
2003
2031
1939
1904
1932
1915
1810
1910
1833
1913
1879
2033
1871
1878
1887
1884
1779
1985
1817
1852
1706
1778
1801
1850
1858
1838
1769
1807
1749
1836
1582
1740
1762
1880
1942
1941
2068
2127
1937
1992
2032
1901
1978
1942
1862
2009
1960
1866
2044
1893
1926
1933
1936
1905
1944
2033
1888
1960
1958
1982
1984
1994
2013
1839
1958
1971
2067
1944
1988
2042
2213
2109
2092
2139
2171
2087
2104
2063
2066
2070
2091
1948
1894
1858
1884
1778
1811
1882
1860
1874
1892
1989
1992
2039
1988
1941
2012
1935
1944
1848
1922
1862
1834
1915
1901
1902
1805
2018
1961
1773
1745
1936
1819
1909
1756
1889
1725
1781
1851
1804
1872
1772
1937
1907
1802
1907
1912
1892
1888
1751
1875
1893
1876
1887
1828
1815
1866
1841
1882
1825
1846
1816
1717
1845
1785
1802
1861
1909
1860
1807
1840
1697
1711
1767
1743
1707
1862
1782
1781
1709
1786
1726
1770
1768
1858
1789
1691
1672
1792
1733
1702
1723
1636
1692
1614
1660
1683
1598
1701
1556
1648
1657
1630
1659
1640
1748
1635
1614
1748
1655
1674
1671
1620
1716
1698
1616
1739
1616
1512
1652
1574
1591
1572
1561
1599
1635
1660
1602
1563
1618
1581
1614
1708
1595
1583
1655
1595
1659
1538
1545
1538
1610
1499
1626
1536
1575
1588
1462
1564
1624
1540
1465
1431
1521
1376
1431
1479
1405
1536
1517
1500
1482
1440
1460
1454
1431
1480
1398
1425
1431
1496
1593
1505
1504
1517
1470
1472
1431
1538
1370
1557
1426
1460
1391
1470
1477
1400
1479
1460
1444
1459
1460
1510
1372
1498
1475
1384
1431
1381
1427
1437
1424
1413
1397
1478
1451
1382
1353
1463
1453
1386
1290
1350
1373
1352
1438
1376
1403
1356
1332
1414
1316
1512
1399
1421
1427
1316
1329
1272
1387
1282
1345
1258
1385
1325
1311
1353
1324
1377
1367
1392
1372
1251
1366
1258
1426
1278
1348
1498
1382
1306
1277
1371
1333
1316
1355
1379
1377
1372
1415
1337
1343
1313
1380
1442
1295
1459
1404
1399
1421
1331
1284
1396
1388
1491
1349
1381
1367
1332
1297
1406
1426
1348
1387
1401
1321
1384
1371
1308
1312
1333
1260
1387
1424
1358
1300
1325
1328
1364
1375
1416
1256
1378
1360
1354
1345
1353
1397
1414
1383
1310
1295
1294
1439
1394
1379
1310
1289
1362
1381
1435
1369
1318
1392
1425
1472
1437
1379
1378
1282
1375
1310
1360
1490
1368
1390
1362
1373
1386
1400
1486
1471
1505
1396
1367
1373
1337
1415
1325
1396
1390
1386
1402
1325
1434
1342
1488
1426
1495
