1554
1449
1432
1575
1490
1513
1550
1432
1476
1448
1377
1482
1502
1447
1517
1430
1429
1460
1497
1496
1477
1572
1441
1590
1471
1576
1430
1406
1590
1555
1568
1413
1550
1534
1408
1423
1320
1511
1452
1497
1436
1420
1415
1549
1421
1451
1527
1514
1539
1533
1501
1432
1449
1573
1581
1497
1621
1547
1454
1527
1584
1492
1474
1469
1504
1471
1493
1561
1474
1575
1546
1460
1545
1507
1635
1568
1513
1470
1458
1544
1514
1549
1451
1457
1593
1615
1556
1575
1607
1456
1505
1467
1550
1653
1478
1531
1559
1482
1567
1523
1509
1464
1429
1601
1414
1526
1522
1578
1502
1500
1662
1551
1530
1543
1566
1603
1579
1501
1471
1530
1511
1542
1534
1591
1522
1578
1578
1501
1575
1605
1602
1518
1679
1577
1537
1521
1535
1539
1651
1538
1426
1510
1541
1569
1554
1579
1724
1606
1501
1620
1584
1503
1472
1669
1513
1598
1494
1633
1560
1476
1549
1526
1644
1633
1484
1631
1551
1646
1543
1521
1604
1542
1600
1595
1651
1523
1630
1637
1597
1664
1558
1620
1605
1645
1555
1629
1531
1619
1613
1672
1540
1672
1569
1596
1700
1622
1568
1540
1587
1549
1628
1656
1667
1698
1652
1509
1518
1552
1583
1593
1593
1626
1537
1513
1575
1653
1475
1643
1653
1612
1618
1554
1628
1624
1513
1617
1648
1600
1564
1687
1625
1576
1646
1628
1643
1571
1717
1737
1713
1745
1637
1632
1757
1591
1638
1612
1538
1627
1727
1581
1616
1554
1631
1563
1600
1640
1655
1658
1687
1643
1636
1676
1651
1664
1694
1579
1560
1520
1709
1604
1647
1655
1642
1559
1621
1622
1654
1638
1803
1714
1719
1635
1622
1693
1681
1635
1623
1725
1650
1822
1668
1629
1669
1605
1607
1599
1632
1603
1696
1572
1749
1694
1704
1697
1662
1605
1617
1650
1607
1517
1805
1679
1545
1695
1693
1675
1717
1634
1713
1683
1703
1723
1745
1575
1678
1677
1573
1639
1562
1625
1599
1627
1716
1632
1663
1665
1693
1726
1676
1774
1658
1761
1770
1650
1853
1698
1765
1563
1682
1645
1639
1561
1710
1629
1752
1720
1734
1692
1734
1701
1699
1658
1782
1708
1620
1668
1648
1681
1671
1688
1613
1637
1748
1654
1789
1719
1718
1722
1705
1758
1732
1822
1727
1699
1584
1663
1735
1643
1659
1669
1681
1721
1732
1681
1678
1642
1735
1696
1703
1637
1751
1715
1690
1694
1705
1649
1699
1646
1714
1714
1814
1694
1808
1753
1725
1629
1772
1709
1816
1755
1667
1677
1656
1789
1734
1625
1650
1758
1794
1687
1891
1551
1813
1714
1844
1783
1829
1655
1752
1734
1781
1754
1697
1590
1687
1822
1697
1806
1715
1613
1673
1750
1800
1798
1726
1756
1664
1801
1749
1766
1772
1768
1798
1791
1806
1819
1745
1794
1848
1818
1762
1745
1746
1733
1739
1865
1806
1836
1708
1711
1723
1696
1750
1809
1696
1737
1623
1770
1742
1856
1816
1829
1761
1651
1724
1845
1818
1669
1706
1759
1734
1773
1790
1816
1838
1825
1793
1748
1862
1688
1794
1742
1787
1681
1740
1802
1723
1851
1676
1818
1811
1849
1686
1730
1827
1904
1860
1760
1780
1787
1819
1775
1937
1802
1794
1815
1894
1867
1730
1813
1606
1692
1680
1817
1806
1801
1788
1820
1806
1739
1914
1775
1769
1855
1777
1783
1994
1791
1773
1797
1782
1771
1842
1767
1867
1912
1707
1816
1868
1877
1865
1805
1803
1764
1723
1815
1796
1779
1803
1802
1842
1900
1846
1880
1863
1867
1756
1742
1941
1863
1769
1758
1843
1857
1717
1878
1712
1920
1840
1950
1908
1896
1720
1934
1910
1863
1946
1763
1866
1793
1889
1846
1872
1807
1908
1849
1834
1939
1861
1783
1881
1854
1848
1923
1828
1919
1858
1824
1824
1907
1837
1831
1876
1845
1859
1840
1876
1905
1892
1886
1794
2026
1767
1911
1896
1960
1943
1888
1876
1949
1803
1943
1784
1935
1961
2025
1962
1729
1950
1817
1922
1919
1875
1979
1845
1817
1814
1983
1978
1929
1925
1839
1801
1803
1887
1773
1768
1979
1924
2038
1835
1915
1959
1988
1884
1869
2019
1852
1867
1919
2037
1851
1855
1911
1957
1871
1956
1920
2003
1804
1896
1938
1863
1980
1889
1869
1890
1953
1876
1964
1911
1983
1908
1979
2038
1957
1967
1911
2014
1858
1906
1905
2038
1915
1889
1816
1940
1995
1923
2018
1954
1805
2052
1895
1952
2120
1903
1876
1969
1947
2012
1977
1815
1996
1917
1985
1885
2070
1921
1972
1973
2119
1871
1956
1963
2075
1954
1996
1991
1926
1866
1873
1941
2025
2028
2011
2009
2002
2077
2037
2007
2095
2007
1957
1991
1953
1981
1964
1948
1948
2021
1942
1992
1914
1793
1996
1890
1940
1954
1974
2029
1970
1905
2052
1938
1993
1977
2058
1903
1997
2133
1939
2042
1993
2004
1976
1974
1939
1976
2035
2013
1941
1956
2041
2061
2000
2054
2015
2070
1914
1917
1988
2004
1974
1973
1966
1957
2034
2061
2026
1913
2083
2186
2014
1948
2073
2045
2005
1916
2177
2005
2021
2029
1867
2068
2017
2023
2084
1954
1834
2043
2028
1988
1909
2112
2007
2039
2061
2015
1956
2027
2036
2034
1995
1936
1960
2083
1931
2017
2082
2005
2128
2049
2017
1993
2034
1928
2117
2077
2052
2058
2132
1993
2090
2071
2043
2115
2015
2128
1959
2102
1925
2061
2106
2196
2100
2064
2074
2213
2108
2084
2038
2027
2010
2128
2107
1998
2094
2061
2120
2193
2055
2009
2043
2207
2155
2150
2089
2191
2134
2100
2149
2014
2034
2023
2011
2015
2022
2177
2016
2102
2247
2013
2127
2114
2080
2061
1985
2092
2132
1941
2123
2041
2120
2192
2007
2138
2211
2072
2125
2128
2034
2051
2157
1972
2069
2050
2121
2088
2095
2096
2001
2136
2120
2193
2134
2243
2103
2093
2068
2112
2161
2107
2097
2061
2098
2136
1947
2044
2084
2153
2184
2132
2098
2060
2104
2119
2029
2111
2149
2104
2141
2119
2124
2117
2110
2170
2022
1953
2079
2132
2233
2125
2137
2105
2190
2271
2136
2240
2204
2113
2196
2145
2140
2209
2103
2070
2135
2149
2112
2167
2057
2189
2198
2194
2265
2220
2150
2262
2101
2160
2220
2246
2249
2087
2180
2312
2243
2180
2101
2247
2058
2256
2133
2175
2335
2194
2089
2205
2158
2205
2231
2265
2213
2142
2099
2206
2246
2167
2154
2202
2218
2279
2327
2128
2215
2161
2296
2262
2163
2179
2175
2095
2230
2275
2262
2146
2247
2221
2307
2324
2277
2150
2174
2213
2261
2166
2132
2136
2100
2183
2302
2202
2222
2223
2215
2179
2123
2149
2154
2262
2113
2000
2226
2080
2280
2292
2191
2185
2248
2246
2214
2187
2271
2260
2285
2287
2355
2268
2145
2242
2190
2266
2224
2180
2214
2198
2165
2169
2266
2291
2278
2287
2403
2244
2393
2170
2308
2295
2330
2323
2182
2220
2219
2178
2217
2330
2334
2154
2264
2175
2187
2240
2344
2279
2291
2274
2276
2280
2263
2317
2384
2176
2291
2331
2316
2350
2340
2355
2261
2358
2327
2375
2289
2311
2310
2321
2326
2371
2300
2417
2256
2324
2277
2333
2234
2423
2272
2230
2271
2386
2312
2266
2318
2375
2263
2310
2331
2252
2309
2239
2312
2259
2379
2311
2267
2419
2368
2329
2307
2301
2331
2245
2263
2236
2317
2323
2242
2480
2291
2441
2332
2357
2368
2389
2341
2335
2281
2226
2331
2418
2327
2205
2430
2267
2314
2388
2490
2370
2269
2423
2294
2531
2453
2379
2317
2393
2377
2439
2382
2359
2278
2412
2335
2416
2435
2248
2401
2367
2388
2369
2452
2398
2414
2433
2347
2399
2420
2402
2411
2367
2490
2452
2379
2361
2359
2419
2352
2463
2459
2459
2493
2546
2451
2402
2355
2317
2408
2407
2353
2399
2442
2459
2521
2508
2448
2472
2493
2539
2550
2408
2425
2521
2475
2568
2396
2456
2467
2450
2418
2548
2462
2441
2520
2481
2428
2448
2658
2534
2445
2591
2492
2569
2503
2422
2561
2405
2470
2441
2518
2433
2459
2473
2434
2428
2452
2469
2596
2471
2554
2522
2462
2501
2611
2344
2547
2514
2363
2343
2332
2467
2502
2461
2568
2624
2562
2553
2497
2562
2574
2390
2537
2491
2440
2488
2457
2521
2565
2378
2446
2592
2560
2479
2457
2634
2472
2553
2603
2655
2514
2371
2631
2453
2382
2512
2525
2464
2410
2536
2636
2318
2538
2546
2579
2689
2540
2637
2564
2523
2618
2539
2487
2480
2538
2498
2562
2544
2562
2634
2636
2593
2538
2583
2501
2588
2692
2644
2519
2542
2517
2687
2545
2561
2636
2553
2657
2587
2569
2552
2719
2457
2576
2709
2762
2710
2684
2699
2804
2617
2763
2707
2730
2724
2709
2715
2898
2651
2701
2911
2697
2735
2820
2849
2621
2805
2833
2769
2814
2753
2794
2646
2654
2743
2778
2790
2715
2786
2789
2819
2652
2778
2880
2811
2729
2844
2710
2753
2842
2746
2755
2771
2835
2666
2834
2836
2779
2727
2653
2763
2794
2836
2781
2696
2912
2790
2840
2843
2785
2664
2850
2574
2714
2668
2896
2686
2739
2844
2778
2759
2630
2667
2842
2812
2690
2809
2733
2841
2770
2760
2720
2906
2959
2777
2714
2752
2757
2809
2724
2796
2952
2854
2668
2774
2781
2665
2838
2853
2877
2905
2849
2971
2915
2857
2784
2968
2818
2900
2958
2872
2940
2944
2971
2950
2939
2895
2880
3092
2931
2844
2871
2975
3147
3070
2953
3024
3037
2951
3089
3053
3162
2993
3099
3086
2967
3060
3158
3158
2830
2936
3107
3111
3082
3046
3109
3182
3120
3304
3171
3236
3117
3047
3124
3245
3263
3284
3262
3302
3219
3232
3185
3190
3253
3241
3340
3348
3272
3229
3268
3141
3454
3220
3162
3163
2949
3058
3181
3107
3016
3175
3224
3206
3170
3079
3162
3261
3156
3189
3131
3232
3337
3244
3179
3227
3198
3090
3120
3145
3110
3224
3264
3269
3250
3133
3099
3099
3150
3166
3077
3127
3118
3139
2931
3088
3177
3115
3055
3063
3100
3280
3251
3214
3224
3173
3074
3068
3169
3226
3163
3219
3252
3239
3183
3181
3338
3268
3253
3314
3418
3469
3432
3328
3166
3207
3298
3284
3358
3339
3545
3433
3413
3438
3548
3426
3496
3458
3575
3510
3392
3599
3601
3523
3604
3644
3813
3690
3736
3848
3860
4021
3970
4101
3878
4093
4167
4044
4147
4021
4077
4072
4072
3987
3905
4307
4234
4379
4263
4241
4164
4265
4346
4285
4296
4314
4230
4292
4370
4397
4254
4331
4214
4354
4315
4449
4293
4282
4322
4469
4402
4335
4455
4445
4491
4461
4304
4345
4543
4424
4428
4722
4543
4335
4355
4366
4496
4716
4500
4569
4527
4647
4569
4586
4517
4459
4561
4539
4479
4459
4356
4505
4314
4180
4260
4200
4254
4094
4110
4218
4223
4214
4135
4294
4181
4382
4282
4299
4335
4422
4552
4443
4730
4612
4713
4782
4937
4883
5026
4953
5021
5174
5166
5430
5426
5460
5618
5671
5724
6057
5653
6210
6291
6223
6370
6430
6353
6703
6851
6971
6660
7076
7025
7116
6858
7223
7542
7811
8053
8299
8812
8869
8829
9426
9728
10106
9964
11158
11472
11522
11782
12803
13232
13821
14369
14025
14317
14553
15221
15936
16305
15106
14529
15056
15118
15629
16301
16756
17101
17179
17148
18053
16669
17016
17659
18095
18494
20328
21853
21550
23099
23718
24327
24818
25081
26327
26530
25884
27189
28784
29018
28205
29081
30244
29427
29006
29373
30477
29508
26404
26274
29040
30915
32128
32455
32888
34299
34626
34836
36426
36251
36772
36151
37154
38599
39002
38196
39428
41422
42006
41890
41164
40363
39943
41112
41368
42330
44036
45187
42325
41309
42264
41674
42091
42925
42570
43002
43638
44193
43284
45209
45956
45964
46266
47888
49336
49335
49046
49563
50041
49280
48991
49581
49655
48340
49048
46789
47438
46486
45793
45195
44160
43554
42795
42651
42686
43194
42564
42524
42937
43333
43608
44118
45300
46248
45320
45944
45568
46212
46467
47956
46649
46651
47816
46425
39354
39259
41967
41320
39126
40420
44160
40283
39300
38020
36982
35596
34640
34700
33736
33410
32679
32631
31964
31769
32102
31931
32857
32154
32971
32417
31588
30557
30456
30575
30602
31970
32097
31615
30272
30106
30203
28626
28216
26935
25289
24776
23034
21956
21074
20231
18817
18521
18231
17682
17910
17158
16609
16961
15881
15285
16441
16746
16625
15787
16483
16747
16246
16377
16015
15791
15661
15418
15030
14722
13990
13588
13318
12491
11995
11610
11339
10505
10005
9542
9066
8849
8235
8320
7877
7895
7696
7298
7076
7013
6971
7033
6696
7053
6888
6696
6695
6521
6793
6526
6454
6290
5905
6070
5925
5540
5580
5540
5449
5351
5595
5311
5016
4982
4866
4800
4806
4610
4689
4631
4598
4405
4320
4398
4123
4306
4112
4166
4153
4133
4161
4250
4191
4231
4179
4219
4234
4229
4086
4255
4178
4306
4297
4328
4447
4203
4508
4405
4348
4454
4457
4529
4373
4591
4519
4315
4405
4346
4308
4216
4495
4215
4423
4440
4400
4432
4432
4511
4372
4323
4477
4389
4369
4352
4427
4278
4446
4557
4436
4384
4368
4420
4372
4196
4170
4243
4119
4243
4354
4181
4157
4059
4333
4071
4254
4042
4219
4516
4227
4096
4326
4298
4118
4272
4158
4179
4307
4080
4050
3989
4004
4068
3964
3849
3722
3672
3835
3648
3501
3633
3489
3480
3601
3482
3489
3381
3451
3235
3516
3360
3300
3325
3351
3315
3454
3416
3452
3592
3434
3514
3449
3384
3438
3321
3328
3402
3298
3323
3193
3235
3149
3091
3291
3267
3043
3221
3148
3125
3233
3104
3060
3167
3081
3086
2914
2883
3086
2954
2997
3026
3084
3049
3063
3091
3133
3130
3197
3259
3103
3174
3251
3104
3036
3234
3258
3360
3267
3178
3096
3376
3210
3217
3164
3294
3305
3147
3328
3264
3155
3257
3385
3171
3314
3259
3348
3067
3130
3053
3196
3200
3323
3095
3151
3412
3431
3098
3279
3219
3414
3301
3291
3403
3406
3192
3282
3398
3261
3190
3350
3099
3199
3208
3236
3139
3243
3303
3210
3244
3128
3152
3232
3277
3265
3166
3294
3126
3237
3160
3189
3111
3275
3090
3183
3140
3092
3078
3089
3116
3074
2870
2900
3102
2986
2904
2890
2847
2776
2880
2982
3046
3022
3063
2912
3063
3102
3011
2991
2944
2919
3052
2868
2871
2902
2895
2946
2970
2852
2888
2818
2897
2999
2869
2947
2770
2897
2861
2806
2877
2907
2810
2788
2882
2909
2846
2794
2836
2805
2866
2919
2977
2951
2881
2863
2935
2853
2763
2796
2941
2964
2809
2889
2815
2865
2866
3063
2844
3002
2925
3044
3004
2891
2941
2824
2827
2907
2936
2844
2945
2975
2742
3000
2949
2890
2901
2843
2880
2785
2992
2925
3035
2993
2965
2972
2975
2909
2965
3090
2985
2885
2862
2892
2976
2886
2925
2877
2996
2920
2935
2829
2907
2984
2952
3022
2795
2795
2876
2917
2860
2792
3013
2778
2916
2937
2975
2845
2931
2841
2945
2950
2802
2730
2874
2694
2859
2865
2956
2901
2836
2730
2834
2846
2669
2811
2783
2664
2683
2920
2723
2723
2764
2744
2692
2739
2777
2812
2880
2762
2726
2749
2625
2712
2823
2757
2881
2724
2777
2838
2829
2706
2827
2734
2728
2789
2681
2774
2772
2680
2631
2664
2666
2683
2829
2798
2770
2715
2671
2633
2705
2752
2715
2704
2731
2721
2769
2793
2645
2761
2640
2725
2714
2699
2705
2670
2754
2801
2764
2720
2802
2829
2794
2770
2649
2683
2725
2551
2544
2582
2674
2762
2751
2697
2744
2692
2724
2725
2785
2725
2732
2654
2716
2805
2922
2774
2773
2747
2837
2664
2624
2711
2707
2617
2705
2812
2905
2613
2652
2688
2733
2703
2843
2618
2677
2781
2833
2764
2742
2705
2628
2775
2734
2855
2871
2798
2657
2683
2759
2767
2786
2874
2721
2723
2637
2562
2702
2618
2816
2657
2659
2760
2654
2583
2674
2627
2613
2714
2796
2783
2619
2782
2612
2699
2641
2637
2592
2667
2600
2721
2673
2551
2697
2572
2641
2587
2604
2616
2560
2701
2535
2625
2605
2584
2404
2601
2599
2633
2497
2607
2601
2511
2647
2679
2574
2642
2464
2632
2572
2509
2587
2510
2582
2496
2551
2697
2436
2691
2605
2632
2692
2708
2568
2601
2614
2623
2478
2594
2614
2667
2586
2656
2537
2610
2685
2723
2645
2701
2616
2774
2698
2521
2522
2661
2727
2601
2659
2674
2619
2623
2566
2719
2593
2642
2651
2747
2651
2614
2615
2720
2587
2668
2680
2661
2635
2666
2559
2635
2615
2646
2506
2603
2595
2547
2629
2612
2620
2603
2445
2530
2726
2584
2686
2543
2503
2580
2656
2494
2540
2573
2564
2611
2518
2733
2647
2587
2694
2532
2556
2554
2541
2505
2579
2562
2600
2469
2602
2539
2465
2520
2473
2666
2525
2450
2485
2578
2535
2641
2601
2443
2554
2505
2574
2593
2642
2603
2560
2600
2551
2511
2536
2549
2509
2614
2408
2436
2639
2557
2610
2583
2553
2521
2565
2675
2517
2518
2640
2548
2514
2545
2518
2542
2549
2443
2460
2525
2491
2528
2528
2545
2461
2562
2450
2527
2565
2497
2537
2547
2377
2526
2458
2587
2480
2733
2448
2412
2457
2505
2499
2621
2451
2645
2496
2627
2535
2576
2484
2584
2564
2390
2510
2537
2541
2469
2517
2422
2666
2545
2562
2483
2606
2529
2624
2500
2564
2645
2588
2530
2506
2448
2361
2581
2505
2517
2481
2600
2454
2420
2535
2508
2610
2629
2517
2471
2449
2567
2465
2422
2543
2397
2502
2448
2506
2525
2438
2581
2461
2458
2438
2393
2427
2507
2516
2490
2574
2533
2444
2501
2484
2532
2421
2427
2465
2469
2464
2417
2550
2455
2411
2519
2435
2447
2601
2422
2482
2296
2396
2413
2381
2404
2461
2478
2417
2488
2480
2506
2428
2467
2533
2326
2462
2479
2372
2457
2443
2505
2371
2299
2417
2392
2416
2563
2463
2468
2464
2444
2377
2508
2378
2427
2434
2482
2374
2312
2468
2462
2403
2340
2410
2391
2392
2417
2410
2493
2396
2443
2466
2368
2340
2488
2392
2517
2358
2357
2570
2426
2428
2438
2358
2464
2360
2440
2452
2474
2393
2404
2444
2383
2513
2374
2470
2425
2321
2360
2329
2388
2410
2490
2458
2565
2369
2555
2402
2377
2406
2250
2472
2407
2485
2343
2351
2423
2353
2456
2275
2448
2434
2428
2337
2434
2511
2559
2411
2446
2380
2333
2433
2368
2448
2414
2404
2442
2389
2369
2477
2399
2391
2350
2433
2446
2410
2341
2367
2450
2398
2332
2278
2404
2374
2353
2462
2321
2314
2395
2331
2347
2481
2331
2451
2451
2316
2298
2424
2434
2298
2446
2218
2398
2378
2511
2370
2424
2377
2356
2368
2400
2402
2270
2312
2352
2359
2326
2403
2457
2342
2275
2283
2373
2428
2374
2280
2449
2370
2361
2373
2385
2283
2411
2418
2446
2371
2398
2359
2395
2313
2268
2410
2432
2381
2362
2529
2417
2462
2313
2293
2328
2315
2349
2243
2386
2296
2370
2319
2457
2347
2451
2442
2368
2291
2334
2477
2353
2308
2194
2486
2308
2375
2236
2283
2324
2438
2309
2259
2385
2301
2265
2422
2422
2373
2353
2304
2447
2348
2457
2373
2466
2355
2311
2300
2408
2407
2232
2390
2397
2395
2499
2336
2382
2436
2448
2362
2342
2361
2461
2342
2333
2386
2328
2343
2397
2316
2308
2254
2330
2274
2351
2277
2365
2331
2375
2351
2244
2478
2424
2370
2362
2278
2303
2202
2182
2283
2286
2298
2383
2410
2222
2289
2317
2311
2409
2193
2212
2363
2239
2365
2304
2271
2310
2228
2319
2339
2479
2404
2291
2324
2312
2317
2255
2378
2142
2312
2358
2389
2317
2391
2412
2366
2444
2294
2367
2137
2261
2400
2400
2383
2290
2226
2285
2372
2362
2381
2330
2350
2365
2281
2353
2323
2198
2265
2233
2335
2291
2184
2231
2253
2307
2309
2273
2200
2209
2275
2321
2310
2333
2231
2296
2239
2289
2359
2247
2390
2324
2323
2197
2332
2392
2370
2244
2317
2242
2303
2331
2317
2305
2201
2297
2319
2293
2315
2131
2387
2152
2243
2433
2323
2225
2225
2297
2247
2181
2332
2235
2305
2331
2239
2202
2184
2227
2227
2348
2220
2331
2309
2276
2269
2204
2333
2285
2210
2309
2249
2122
2243
2386
2268
2298
2368
2145
2306
2211
2207
2210
2285
2202
2220
2229
2225
2286
2405
2233
2302
2319
2183
2362
2261
2340
2352
2258
2320
2183
2296
2270
2331
2284
2255
2344
2282
2287
2110
2274
2238
2271
2299
2127
2274
2215
2230
2362
2276
2161
2290
2285
2317
2233
2291
2256
2223
2128
2220
2341
2224
2192
2248
2346
2329
2147
2316
2223
2223
2238
2329
2230
2198
2238
2262
2186
2186
2188
2208
2197
2146
2221
2208
2256
2309
2265
2173
2217
2289
2241
2242
2322
2132
2288
2268
2205
2210
2135
2209
2261
2187
2226
2246
2203
2298
2090
2187
2193
2160
2103
2233
2173
2266
2181
2144
2269
2195
2097
2168
2139
2190
2311
2258
2270
2200
2289
2207
2203
2097
2248
2132
2197
2194
2171
2188
2189
2122
2167
2237
2137
2109
2074
2262
2184
2211
2145
2152
2161
2207
2090
2302
2089
2210
2241
2192
2150
2224
2154
2012
2153
2136
2145
2088
2103
2213
2187
2188
2142
2101
2205
2089
2223
2183
2217
2200
2260
2193
2229
2191
2203
2222
2162
2231
2191
2118
2092
2113
2183
2119
2130
2189
2246
2309
2115
2212
2010
2117
2218
2202
2142
2153
2308
2258
2231
2087
2149
2140
2177
2197
2138
2262
2260
2247
2207
2009
2078
2227
2083
2157
2162
2112
2150
2254
2111
2100
2072
2235
2065
2095
2220
2164
2132
2253
2143
2186
2135
2180
2025
1965
2189
2115
2161
2183
2184
2174
2198
2107
2136
2143
2095
2146
1990
2173
1975
2009
2122
2142
2065
2119
2124
2159
2122
2171
2134
2117
2102
2036
2062
2126
2152
2118
2155
2171
2024
2120
2162
2178
2165
2170
2122
2111
2069
2230
2139
2134
2085
2146
2086
2058
2073
2013
2057
2167
2056
2148
2029
1945
2099
2110
2110
2127
2196
2051
1955
2100
2066
2032
2021
2114
