1458
1474
1487
1456
1502
1444
1431
1491
1433
1459
1451
1515
1440
1456
1426
1442
1444
1539
1397
1402
1549
1445
1463
1406
1457
1467
1498
1516
1504
1443
1467
1401
1523
1556
1431
1493
1545
1499
1363
1486
1427
1390
1544
1420
1467
1412
1424
1440
1533
1533
1432
1372
1521
1393
1504
1369
1464
1494
1486
1415
1474
1557
1518
1522
1451
1508
1517
1437
1495
1417
1490
1399
1478
1517
1511
1451
1611
1435
1485
1526
1484
1349
1524
1415
1517
1515
1439
1506
1497
1467
1354
1601
1463
1604
1461
1624
1553
1581
1483
1356
1492
1457
1462
1417
1500
1430
1420
1583
1515
1474
1511
1447
1435
1539
1571
1474
1519
1555
1390
1531
1645
1433
1672
1465
1440
1470
1456
1384
1566
1562
1535
1534
1573
1529
1582
1606
1673
1574
1517
1514
1518
1514
1470
1448
1567
1475
1491
1571
1544
1480
1478
1554
1454
1620
1482
1510
1425
1556
1552
1565
1567
1482
1485
1499
1479
1665
1569
1606
1550
1566
1537
1608
1561
1567
1575
1602
1650
1568
1525
1499
1472
1529
1541
1586
1517
1589
1648
1613
1597
1501
1630
1547
1537
1544
1606
1633
1578
1489
1541
1559
1524
1511
1598
1602
1515
1556
1483
1557
1546
1509
1508
1513
1569
1599
1556
1580
1641
1544
1473
1625
1497
1550
1579
1645
1563
1600
1505
1537
1546
1557
1569
1668
1582
1659
1687
1523
1575
1634
1649
1615
1533
1589
1678
1561
1647
1575
1545
1682
1521
1621
1674
1533
1510
1634
1648
1689
1614
1535
1543
1752
1739
1678
1659
1618
1633
1635
1701
1520
1579
1605
1629
1563
1746
1747
1597
1723
1687
1687
1699
1596
1604
1615
1605
1627
1600
1687
1445
1702
1706
1704
1658
1602
1634
1569
1584
1609
1658
1748
1609
1588
1741
1545
1696
1642
1524
1581
1645
1584
1632
1597
1662
1675
1713
1624
1642
1636
1737
1618
1673
1606
1672
1747
1716
1655
1565
1543
1637
1666
1767
1692
1750
1689
1685
1658
1670
1655
1677
1710
1703
1748
1601
1605
1838
1595
1659
1759
1802
1685
1636
1744
1698
1764
1756
1690
1727
1675
1741
1658
1579
1656
1639
1534
1716
1675
1591
1610
1711
1682
1635
1756
1725
1657
1748
1700
1729
1795
1687
1675
1619
1887
1543
1663
1700
1656
1695
1736
1684
1675
1681
1616
1700
1844
1702
1749
1690
1690
1774
1625
1719
1691
1717
1737
1659
1797
1720
1629
1613
1569
1627
1676
1676
1660
1665
1737
1808
1711
1726
1659
1664
1589
1685
1758
1656
1720
1684
1670
1779
1682
1688
1699
1691
1619
1885
1704
1768
1745
1685
1756
1853
1704
1642
1645
1607
1712
1641
1674
1689
1568
1732
1704
1763
1836
1755
1750
1735
1603
1726
1837
1695
1764
1643
1698
1779
1600
1685
1861
1712
1747
1777
1822
1748
1743
1696
1724
1671
1728
1774
1693
1776
1802
1880
1649
1701
1802
1733
1743
1795
1762
1676
1787
1679
1796
1819
1775
1733
1765
1846
1729
1785
1711
1749
1737
1826
1800
1755
1796
1650
1706
1780
1825
1775
1696
1704
1672
1662
1898
1733
1702
1826
1726
1722
1703
1786
1812
1811
1770
1868
1841
1849
1709
1756
1768
1829
1817
1664
1844
1885
1772
1844
1780
1841
1852
1833
1789
1773
1787
1808
1863
1903
1811
1736
1850
1803
1771
1721
1745
1784
1798
1735
1755
1795
1890
1728
1752
1706
1883
1777
1747
1778
1739
1785
1754
1910
1849
1887
1742
1852
1842
1859
1782
1681
1848
1876
1713
1825
1831
1873
1753
1875
1876
1753
1884
1792
1873
1889
1957
1792
1933
1857
1809
1842
1870
1820
1845
1742
1876
1831
1831
1826
1882
1853
1849
1852
1770
1874
1893
1789
1900
1866
1782
1816
1963
1833
1793
1919
1877
1910
1867
1780
1825
1862
1928
1828
1957
1891
1811
1950
1893
1883
1822
1902
1921
1884
1896
1882
1769
1822
1935
1903
1834
1969
1914
1884
1953
1887
1837
1874
1978
1857
1908
1829
1988
1984
1845
1920
1807
1918
1938
1943
1943
2015
1937
1840
1955
1963
1902
1948
1931
1875
1879
1915
1896
1847
1771
1857
1907
1933
1926
1887
1937
1925
2045
1812
2006
1984
1949
1987
1915
1888
1891
1958
1876
1862
1869
1903
2027
1905
1877
1893
1961
1982
1846
1929
1995
1900
1844
1856
1833
1873
1854
1908
1885
1877
1825
2021
1819
1923
1948
1961
1985
2003
1955
1968
1877
1860
1973
2037
1921
1866
1855
1963
1964
1982
1874
1923
2017
1943
2008
1903
1916
2011
2068
1886
1916
1884
1943
1870
1886
1918
1913
1928
1916
2048
1987
1942
1996
1962
1979
1945
2071
1866
2065
1924
2025
1906
2039
1969
1957
1877
1988
1911
1957
2040
1874
2014
1996
1948
1902
2012
1988
1987
2029
1945
1987
1881
1942
1982
1898
1908
1956
1991
1989
2045
1949
1978
2013
1896
1939
1950
1890
2076
1947
2050
1999
1936
1994
1795
2071
1939
1963
2005
1959
1903
2023
2037
1975
2092
2031
2001
1930
2018
2092
1938
2008
1926
2021
2071
2051
1962
1966
1808
2012
1895
2002
1979
1882
2017
2047
1891
1982
1979
2024
2015
2020
2004
2059
1994
1992
1950
2101
1963
1985
1917
1943
1998
2015
1941
1943
1985
2053
1948
1987
2060
1978
1917
1971
2031
2042
1996
1978
1895
1991
2001
1988
1989
2028
2027
2049
1994
2029
1984
2056
2065
2123
1974
2083
2128
2038
2137
1999
2050
1998
2030
2189
2032
2058
1964
1910
2059
2019
2033
2056
1975
2085
2147
2014
2099
2085
2051
2062
2059
1983
1987
1980
1926
2063
1949
1958
1908
1951
2054
2116
2069
1904
2113
1976
1995
2061
2053
2068
1974
2129
2028
2120
2035
2014
2073
2031
2142
2004
2087
2133
2044
2075
2111
2122
2012
2027
2057
2069
2028
2055
2050
2030
1956
2075
1973
2075
1950
2076
2056
1998
2027
1897
1996
1994
1992
1918
1996
2000
2160
2051
2146
2172
2023
2249
2096
2169
2174
2191
2178
2038
2086
2016
2047
2131
2004
2023
2154
2180
2038
2081
2220
2008
2073
2085
1935
2212
2097
2089
2149
2078
2155
2114
1999
2062
2163
2102
2086
2086
2041
2063
2102
2106
2260
2118
2127
2202
2200
2225
2267
2155
2184
2098
2054
2115
2150
2182
2134
1909
2081
2189
2132
2116
2151
2147
2228
2137
2092
2163
2100
2196
2189
2125
2178
2057
2130
2151
2052
2191
2139
2068
2256
2063
2164
2225
2100
2330
2138
2152
2150
2076
2183
2147
2120
1997
2178
2217
2031
2041
2042
2206
2212
2125
2111
2173
2164
2200
2108
2186
2176
2090
2139
2057
2247
2204
2211
2091
2138
2099
2118
2107
2254
2224
2139
2139
2147
2192
2217
2122
2117
2200
2153
2225
2129
2021
2147
2198
2134
2198
2203
2155
2153
2217
2134
2063
2176
2134
2261
2042
2143
2143
2163
2166
2159
2135
2259
2272
2193
2201
2237
2243
2180
2228
2189
2230
2155
2334
2215
2176
2092
2141
2273
2277
2162
2023
2149
2183
2227
2238
2195
2072
2265
2196
2185
2118
2216
2250
2219
2274
2259
2240
2294
2215
2249
2387
2162
2209
2279
2329
2181
2221
2224
2300
2272
2368
2273
2213
2418
2305
2343
2344
2226
2151
2242
2165
2157
2268
2228
2201
2293
2219
2322
2237
2326
2214
2161
2387
2274
2197
2448
2347
2219
2291
2262
2282
2244
2394
2226
2261
2218
2316
2185
2260
2415
2266
2316
2273
2296
2253
2314
2390
2348
2199
2349
2325
2396
2196
2253
2298
2273
2346
2333
2306
2090
2258
2241
2365
2302
2356
2232
2168
2373
2304
2191
2354
2264
2356
2368
2288
2358
2400
2310
2263
2249
2348
2402
2363
2219
2224
2253
2231
2237
2277
2272
2287
2259
2348
2457
2453
2349
2381
2511
2529
2383
2378
2428
2357
2369
2246
2343
2461
2306
2342
2283
2362
2320
2382
2462
2443
2519
2584
2425
2387
2382
2378
2355
2369
2393
2228
2338
2419
2342
2268
2451
2443
2532
2472
2459
2492
2369
2431
2431
2420
2410
2353
2505
2389
2425
2445
2392
2427
2368
2601
2349
2512
2312
2416
2466
2337
2354
2384
2438
2319
2403
2457
2338
2364
2405
2449
2466
2344
2337
2302
2423
2463
2415
2406
2291
2386
2430
2434
2403
2346
2403
2343
2385
2429
2433
2431
2302
2458
2301
2320
2431
2245
2408
2424
2375
2285
2363
2413
2338
2438
2527
2420
2422
2412
2367
2393
2328
2241
2280
2324
2441
2455
2438
2387
2362
2468
2389
2528
2398
2504
2424
2457
2422
2464
2525
2409
2547
2478
2271
2485
2336
2391
2527
2516
2470
2571
2359
2505
2564
2512
2634
2424
2530
2539
2531
2570
2422
2480
2473
2633
2477
2436
2532
2429
2512
2567
2529
2598
2583
2669
2471
2395
2650
2641
2633
2571
2632
2632
2589
2714
2480
2595
2636
2472
2741
2492
2389
2680
2652
2546
2654
2591
2593
2513
2655
2531
2546
2625
2538
2514
2600
2599
2711
2572
2544
2730
2596
2685
2697
2668
2641
2747
2596
2681
2713
2629
2647
2524
2567
2528
2480
2499
2538
2619
2607
2497
2584
2571
2513
2585
2497
2487
2581
2421
2546
2516
2505
2594
2681
2631
2556
2630
2547
2628
2591
2576
2573
2537
2503
2566
2579
2740
2431
2594
2566
2582
2503
2516
2655
2680
2500
2599
2657
2628
2593
2525
2739
2640
2676
2556
2548
2737
2746
2538
2664
2692
2618
2651
2634
2703
2626
2792
2696
2712
2808
2660
2767
2769
2744
2657
2781
2841
2564
2754
2816
2872
2682
2753
2645
2759
2812
2878
2798
2636
2824
2686
2711
2739
2825
2871
2894
2799
2909
2862
2792
2886
2916
2826
2921
2903
2794
2848
2940
2960
2832
3082
2930
2852
2890
2908
2919
3016
2940
2997
2889
2967
2796
2822
2917
2956
2846
2874
2969
3022
3013
2920
3037
2926
2974
3038
2894
2885
3093
2971
3178
2894
2967
2905
2876
2694
2713
2760
2694
2877
2797
2819
3007
2846
2718
2812
2788
2929
2854
2907
2913
2953
2780
2800
2735
2851
2856
2820
2744
2772
2827
2821
2914
2913
2828
2912
2820
2775
2852
2758
2870
2861
2820
2935
2857
2932
2561
2768
2816
2908
2917
2959
2813
2866
2902
2914
3010
3045
3097
2993
3121
3103
3053
3069
3022
3116
3054
3085
3149
3131
3079
3245
3197
3248
3156
3240
3169
3316
3284
3319
3320
3166
3410
3299
3242
3482
3323
3375
3518
3358
3449
3594
3448
3645
3642
3677
3585
3790
3853
4068
3709
3669
3947
3851
3786
3748
3774
3898
3736
3669
3708
3714
3630
3761
3602
3784
3668
3623
3774
3778
3671
3832
3875
3951
3876
4004
4070
3961
4025
4014
4078
4046
4121
3812
3856
3856
3768
3779
3729
3716
3679
3777
3653
3636
3547
3637
3465
3464
3461
3541
3406
3525
3589
3531
3621
3693
3649
3700
3684
3642
3651
3640
3646
3528
3802
3768
3569
3487
3594
3516
3616
3548
3577
3524
3475
3598
3557
3504
3694
3413
3562
3811
3547
3684
3789
3759
3748
3814
3933
3965
4092
4258
4335
4524
4439
4456
4761
4683
4938
4971
5353
5385
5408
5370
5651
5873
5837
6238
6147
6555
6518
6352
6493
6908
6777
6666
6920
7092
7008
7034
7300
7365
7738
7746
7988
8228
8400
8713
9462
9827
9714
9385
10358
10680
11204
12440
12741
13254
14044
13784
14679
13561
13892
13922
13858
13737
15221
15475
14387
14962
15121
14940
14916
15233
15287
14863
14592
15318
15691
16653
15952
17108
18098
18710
18514
19556
21555
21142
19515
19850
22471
24311
25657
26619
26595
27611
27824
27033
27705
26932
26208
25271
24944
25204
24280
23295
23524
23524
23998
23535
23477
23336
23572
24128
25229
26288
27776
29783
29768
29731
30861
31874
32411
34077
34770
34810
35350
35809
35379
35424
35519
34669
34277
34600
34002
33436
31511
31424
30348
29499
28833
27978
28180
27579
27968
27202
27531
27912
28450
29393
29952
30509
30816
32630
32744
34020
34504
34347
35096
35694
35924
36215
36524
36060
34358
33599
32810
31389
30788
30172
28212
27754
27850
25760
22153
21730
22720
22468
21664
23177
25465
24133
24356
24794
25581
25184
25688
26479
26685
26848
26858
27049
26848
26782
26710
26012
25798
24693
24610
23101
21552
19507
19702
18573
18074
17926
17381
16430
15750
15564
15569
14703
14739
14270
13867
14247
14179
14101
14459
14421
13880
14253
14471
14549
14852
14661
14072
14195
13238
12864
13077
12608
12299
11096
11236
10852
9814
9604
9209
8807
8348
8089
7601
7446
7094
6769
6739
6666
6734
6698
6825
6647
6341
6405
6426
6349
6195
6166
6101
6150
6117
6137
5588
5500
5344
5204
4904
5001
4900
4759
4599
4482
4330
4315
4215
4220
4059
4004
3916
3670
3717
3722
3611
3506
3735
3574
3504
3563
3482
3366
3428
3448
3417
3417
3370
3476
3529
3374
3390
3615
3405
3502
3567
3636
3617
3629
3708
3693
3674
3634
3619
3694
3678
3629
3725
3567
3611
3549
3566
3598
3597
3640
3524
3757
3560
3542
3755
3659
3750
3566
3789
3790
3759
3894
3893
3868
3869
3918
3863
3842
3746
4041
3975
3878
3754
3732
3820
3614
3644
3593
3587
3776
3692
3628
3615
3611
3856
3822
3729
3687
3665
3817
3960
3740
3828
3666
3826
3876
3958
3838
3664
3620
3507
3635
3513
3589
3396
3425
3428
3415
3306
3437
3287
3218
3248
3211
3203
3185
3236
3104
3113
3233
3128
3173
3223
3349
3202
3269
3365
3267
3288
3104
3133
3015
3130
2971
2975
2946
3172
3068
2969
2921
2945
2981
2909
2896
2915
2951
2819
2724
2836
2882
2763
2801
2719
2860
2772
2674
2714
2746
2917
2726
2721
2961
2936
2748
2724
2835
2883
2785
2747
2849
2806
2884
3008
2774
2921
2904
2962
2850
2922
2879
2911
3091
2890
2889
2756
2955
2911
2882
2940
2873
2676
2796
2871
2934
2897
3032
2869
2928
2912
3093
3086
3128
3058
3162
3085
2954
3127
2913
2804
2935
2747
2978
2866
2810
2961
2979
3104
2901
2984
2981
3038
3047
3013
3002
3022
2919
2887
3081
3071
3028
3012
3143
2946
3071
2986
3122
3007
2888
3061
3054
2961
2996
2962
2934
2896
2795
2977
2815
2869
2740
2824
2856
2981
2881
2907
2850
2991
2881
2875
2730
2810
2724
2785
2721
2841
2762
2733
2681
2814
2704
2955
2639
2804
2702
2803
2754
2617
2783
2713
2604
2665
2751
2706
2661
2649
2713
2683
2553
2737
2708
2611
2754
2838
2617
2720
2647
2613
2762
2741
2694
2644
2585
2690
2648
2692
2717
2581
2739
2731
2693
2885
2692
2669
2791
2819
2744
2790
2568
2672
2744
2708
2788
2611
2685
2606
2727
2721
2708
2710
2644
2743
2886
2618
2637
2844
2797
2666
2799
2650
2752
2748
2795
2827
2591
2743
2781
2766
2694
2815
2684
2787
2903
2740
2931
2669
2644
2854
2670
2764
2673
2619
2722
2661
2521
2695
2666
2826
2669
2738
2743
2839
2739
2743
2751
2699
2726
2600
2701
2623
2732
2673
2718
2789
2660
2667
2599
2748
2597
2596
2779
2683
2644
2732
2634
2566
2659
2746
2800
2746
2642
2733
2796
2803
2707
2730
2776
2782
2733
2468
2752
2669
2681
2615
2627
2703
2613
2492
2615
2653
2460
2635
2651
2628
2466
2742
2524
2580
2501
2528
2598
2582
2563
2544
2574
2484
2578
2549
2665
2618
2662
2565
2646
2604
2557
2483
2573
2588
2698
2698
2479
2569
2724
2616
2586
2522
2631
2678
2616
2570
2568
2508
2785
2638
2512
2543
2773
2632
2515
2501
2583
2491
2662
2552
2581
2574
2637
2654
2605
2691
2807
2640
2546
2477
2551
2699
2526
2576
2506
2709
2653
2661
2541
2619
2676
2698
2552
2505
2551
2590
2574
2572
2514
2538
2528
2687
2591
2763
2733
2553
2561
2705
2557
2566
2595
2576
2593
2613
2750
2547
2673
2539
2636
2668
2517
2592
2510
2669
2594
2559
2497
2585
2646
2535
2673
2752
2737
2731
2477
2627
2552
2579
2651
2574
2575
2650
2474
2490
2604
2516
2402
2615
2644
2578
2462
2572
2441
2412
2562
2488
2580
2487
2565
2598
2542
2448
2504
2629
2631
2436
2501
2445
2556
2443
2625
2664
2591
2529
2455
2582
2510
2558
2517
2578
2480
2478
2641
2481
2701
2586
2509
2629
2386
2570
2498
2449
2455
2608
2437
2437
2495
2445
2367
2421
2510
2560
2375
2572
2557
2521
2546
2589
2565
2590
2504
2442
2499
2487
2490
2421
2484
2482
2571
2600
2461
2521
2562
2589
2469
2507
2546
2473
2560
2589
2408
2487
2483
2456
2622
2599
2539
2738
2436
2601
2575
2546
2693
2443
2567
2543
2529
2573
2523
2595
2627
2463
2498
2450
2389
2614
2495
2507
2574
2434
2438
2415
2484
2630
2413
2536
2530
2448
2368
2430
2470
2538
2439
2462
2491
2537
2470
2541
2414
2449
2443
2411
2326
2561
2505
2427
2437
2331
2570
2621
2447
2503
2318
2476
2579
2450
2654
2553
2580
2504
2427
2521
2438
2437
2551
2498
2486
2416
2527
2480
2584
2488
2462
2430
2499
2353
2399
2482
2443
2402
2358
2442
2419
2583
2425
2392
2513
2384
2593
2397
2415
2494
2505
2527
2561
2433
2422
2371
2468
2478
2549
2431
2539
2398
2411
2507
2389
2488
2416
2389
2328
2460
2501
2497
2357
2439
2577
2398
2447
2561
2489
2400
2376
2538
2496
2462
2543
2378
2442
2500
2465
2540
2478
2603
2455
2503
2497
2406
2420
2425
2456
2466
2473
2411
2511
2491
2428
2574
2468
2379
2470
2493
2532
2512
2308
2473
2342
2347
2376
2373
2391
2430
2373
2410
2535
2463
2345
2374
2436
2442
2356
2470
2472
2394
2486
2400
2329
2401
2395
2362
2310
2417
2459
2352
2517
2428
2436
2463
2506
2348
2396
2344
2357
2422
2374
2367
2354
2482
2360
2384
2337
2306
2348
2406
2371
2252
2307
2385
2365
2393
2365
2429
2371
2299
2428
2409
2359
2359
2370
2584
2528
2530
2384
2467
2433
2429
2445
2409
2401
2351
2415
2367
2446
2445
2257
2330
2504
2316
2368
2365
2329
2285
2274
2435
2428
2420
2355
2431
2380
2408
2354
2389
2398
2313
2479
2300
2478
2385
2327
2381
2448
2303
2391
2476
2461
2468
2400
2355
2309
2437
2415
2385
2465
2454
2404
2478
2402
2388
2413
2306
2452
2299
2376
2372
2300
2377
2417
2493
2442
2261
2465
2467
2405
2464
2460
2396
2365
2327
2343
2334
2289
2393
2294
2462
2522
2287
2428
2370
2279
2245
2466
2422
2493
2302
2388
2361
2323
2375
2267
2349
2371
2243
2270
2343
2479
2517
2408
2268
2478
2359
2381
2404
2223
2295
2280
2434
2278
2335
2267
2339
2368
2362
2369
2379
2263
2301
2246
2290
2276
2356
2307
2301
2285
2276
2161
2292
2298
2371
2293
2392
2392
2386
2407
2433
2328
2403
2276
2315
2321
2230
2288
2443
2301
2323
2329
2268
2324
2295
2270
2324
2328
2299
2394
2380
2353
2144
2467
2258
2242
2317
2258
2217
2209
2343
2337
2238
2290
2295
2265
2231
2334
2371
2337
2465
2225
2313
2198
2369
2313
2419
2331
2274
2301
2197
2405
2361
2287
2291
2353
2312
2373
2366
2284
2302
2375
2202
2383
2342
2343
2332
2370
2327
2300
2429
2394
2302
2304
2340
2329
2343
2298
2200
2391
2295
2288
2353
2356
2215
2311
2262
2402
2296
2157
2252
2346
2393
2201
2277
2343
2244
2287
2400
2294
2311
2351
2291
2286
2294
2312
2410
2278
2232
2313
2209
2214
2281
2219
2357
2160
2240
2329
2271
2296
2292
2165
2331
2250
2258
2226
2214
2269
2329
2291
2251
2175
2401
2396
2398
2236
2201
2344
2346
2323
2307
2226
2221
2299
2271
2317
2308
2206
2279
2333
2285
2224
2204
2246
2245
2321
2276
2281
2303
2297
2135
2283
2223
2363
2224
2274
2118
2229
2362
2281
2290
2294
2392
2264
2200
2292
2280
2343
2325
2312
2109
2106
2201
2222
2189
2172
2250
2221
2337
2263
2300
2251
2307
2138
2234
2139
2239
2248
2288
2120
2171
2194
2324
2228
2202
2245
2232
2274
2417
2399
2233
2238
2319
2203
2086
2170
2208
2243
2237
2194
2176
2267
2258
2207
2204
2283
2284
2150
2307
2359
2283
2222
2247
2197
2143
2094
2258
2190
2119
2135
2177
2299
2156
2188
2221
2312
2303
2247
2214
2179
2141
2200
2181
2236
2179
2145
2099
2267
2166
2304
2252
2307
2238
2208
2258
2204
2284
2247
2159
2224
2156
2307
2161
2308
2270
2206
2350
2285
2183
2163
2137
2208
2228
2180
2189
2188
2262
2287
2282
2176
2253
2180
2251
2076
2182
2298
2167
2351
2102
2170
2172
2196
2288
2203
2196
2290
2204
2335
2292
2253
2170
2344
2311
2267
2149
2226
2186
2155
2211
2170
2212
2212
2271
2236
2166
2111
2230
2221
2168
2211
2335
2162
2235
2193
2127
2066
2162
2190
2304
2231
2237
2123
2308
2087
2163
2187
2152
2232
2196
2220
2154
2139
2218
2178
2256
2154
2198
2198
2138
2093
2106
2148
2133
2097
2250
2140
1996
2203
2127
2228
2173
2212
2232
2280
2242
2241
2182
2121
2136
2046
2128
2075
2150
2218
2123
2166
2081
2195
2071
2120
2135
2135
2171
2046
2163
2161
2089
2208
2233
2084
2189
2145
2120
2206
2193
2101
2242
2128
2136
2078
2212
2159
2145
2131
2044
2011
2086
2180
2170
2242
2128
2228
2106
2247
2104
2196
2205
2052
2103
2112
2178
1995
2119
2296
2101
2139
2125
2158
2242
2056
2153
2083
2033
2134
2114
2120
2197
2138
2257
2129
2255
2177
2132
2048
2229
1987
2193
2204
2161
2094
2171
2079
2040
2218
2130
2152
2043
2131
1985
2120
2148
2135
2123
2077
1995
2052
2022
2164
2185
2161
2088
2167
2265
2050
2235
2098
2067
2046
2147
2155
2009
2111
2107
2044
2055
2054
2056
2092
2084
2112
2199
2128
2118
2063
2049
2135
2073
2046
2023
2013
1971
2028
2069
2046
2047
2002
2100
2024
2085
2128
2113
2031
2060
2046
2006
2036
2054
2047
2017
2158
2100
1969
2042
2117
2067
2043
2105
2172
2069
2026
2088
1952
2015
2126
1935
2041
2025
1969
1922
2018
1976
2044
2077
1946
2158
2100
2082
2066
2166
2054
1962
2058
