1457
1522
1412
1478
1287
1383
1390
1364
1335
1363
1388
1517
1354
1449
1367
1412
1477
1376
1418
1444
1386
1476
1427
1438
1421
1424
1455
1376
1428
1281
1366
1340
1464
1484
1384
1317
1387
1546
1479
1465
1317
1462
1486
1351
1470
1555
1442
1445
1496
1534
1475
1393
1370
1436
1492
1276
1432
1498
1513
1416
1427
1459
1436
1412
1414
1401
1451
1445
1337
1473
1513
1442
1321
1423
1395
1511
1485
1328
1406
1487
1360
1352
1453
1386
1449
1556
1465
1521
1473
1410
1455
1487
1416
1496
1505
1466
1547
1501
1517
1433
1545
1484
1397
1498
1494
1474
1389
1451
1485
1550
1396
1523
1484
1485
1503
1498
1404
1485
1459
1522
1342
1405
1391
1436
1409
1495
1397
1537
1415
1393
1566
1448
1396
1471
1461
1441
1447
1454
1514
1407
1419
1372
1454
1489
1519
1490
1449
1326
1656
1468
1571
1475
1416
1455
1473
1432
1450
1364
1499
1477
1412
1439
1429
1474
1467
1539
1515
1508
1479
1504
1568
1528
1545
1475
1442
1658
1544
1265
1549
1491
1418
1403
1533
1526
1493
1478
1611
1526
1506
1489
1505
1462
1573
1554
1475
1594
1574
1535
1598
1496
1516
1561
1590
1573
1581
1407
1351
1474
1681
1472
1586
1636
1573
1615
1481
1451
1590
1483
1447
1608
1536
1570
1552
1519
1488
1516
1529
1420
1434
1556
1601
1534
1508
1590
1474
1609
1532
1513
1550
1492
1520
1497
1580
1454
1561
1452
1568
1596
1537
1629
1560
1558
1567
1560
1662
1493
1539
1527
1561
1576
1554
1690
1569
1530
1440
1602
1576
1517
1519
1634
1645
1618
1566
1517
1684
1511
1585
1585
1433
1658
1545
1561
1472
1581
1453
1562
1499
1502
1565
1538
1551
1565
1526
1506
1482
1520
1598
1565
1586
1541
1617
1549
1460
1496
1493
1549
1542
1476
1653
1591
1604
1534
1617
1616
1669
1616
1613
1538
1584
1655
1497
1482
1667
1605
1536
1647
1561
1584
1584
1622
1610
1535
1678
1611
1683
1592
1581
1673
1562
1566
1514
1728
1603
1513
1571
1497
1636
1645
1545
1591
1538
1594
1644
1550
1518
1610
1588
1630
1578
1593
1630
1524
1560
1600
1609
1602
1598
1653
1572
1658
1609
1498
1659
1587
1530
1652
1574
1556
1604
1601
1641
1591
1478
1557
1511
1670
1557
1669
1613
1616
1677
1613
1600
1717
1749
1678
1598
1623
1485
1648
1489
1611
1672
1658
1514
1608
1512
1642
1624
1661
1712
1748
1631
1691
1594
1607
1691
1498
1542
1633
1618
1762
1676
1574
1596
1532
1645
1686
1584
1645
1515
1763
1600
1606
1603
1698
1635
1691
1692
1722
1665
1563
1692
1717
1590
1595
1611
1623
1667
1687
1726
1651
1606
1754
1521
1473
1684
1553
1635
1531
1695
1666
1603
1674
1664
1634
1674
1586
1725
1642
1616
1646
1548
1595
1721
1628
1643
1669
1631
1667
1733
1625
1583
1527
1696
1585
1657
1689
1663
1666
1628
1670
1771
1700
1666
1642
1681
1704
1621
1648
1705
1754
1651
1716
1609
1654
1642
1645
1691
1663
1708
1641
1746
1506
1722
1701
1569
1621
1659
1743
1714
1664
1671
1762
1622
1734
1832
1734
1667
1719
1626
1600
1649
1677
1733
1635
1714
1661
1666
1662
1718
1620
1582
1640
1613
1594
1602
1723
1595
1766
1679
1737
1734
1589
1628
1649
1765
1706
1728
1714
1754
1729
1724
1670
1700
1751
1658
1614
1707
1661
1719
1730
1693
1738
1661
1743
1765
1703
1779
1747
1674
1628
1764
1751
1683
1766
1740
1693
1739
1740
1749
1759
1624
1716
1718
1735
1669
1783
1743
1763
1662
1790
1750
1726
1798
1681
1647
1718
1676
1706
1767
1708
1703
1764
1726
1826
1717
1823
1725
1697
1652
1809
1805
1887
1682
1725
1897
1848
1635
1736
1754
1782
1709
1716
1795
1722
1773
1726
1701
1728
1872
1714
1732
1791
1784
1752
1831
1834
1743
1740
1838
1731
1793
1796
1649
1874
1762
1763
1723
1766
1850
1804
1739
1678
1696
1746
1753
1861
1692
1781
1826
1777
1693
1760
1888
1800
1775
1871
1755
1770
1747
1765
1703
1725
1772
1751
1828
1620
1796
1684
1738
1818
1879
1761
1718
1733
1680
1783
1803
1807
1736
1792
1767
1832
1757
1804
1736
1842
1729
1900
1748
1772
1803
1735
1859
1750
1808
1614
1780
1630
1762
1754
1778
1808
1754
1789
1689
1835
1785
1784
1855
1863
1868
1848
1829
1853
1900
1685
1883
1718
1753
1759
1815
1712
1807
1824
1799
1780
1796
1810
1816
1980
1725
1886
1830
1833
1879
1854
1771
1768
1797
1802
1745
1795
1747
1827
1832
1903
1918
1834
1805
1865
1899
1909
1797
1771
1874
1790
1796
1837
1944
1852
1740
1829
1745
1763
1818
1862
1968
1897
1888
1826
1777
1782
1800
1772
1802
1872
1913
1827
1880
1844
1898
1901
1882
1897
1913
1783
1931
1858
1774
1873
1790
1910
1795
1736
1844
1727
1799
1833
1793
1868
1837
1795
1917
1886
1869
1880
1787
1811
1976
1761
1816
1740
1802
1825
1838
1812
1805
1815
1758
1887
1841
1860
1853
1817
1961
1955
1783
1789
1741
1948
1869
1886
1894
1828
1957
1922
1744
1890
1920
1849
1822
1913
1967
1886
1748
1898
1762
1931
1866
1879
1805
1839
1894
1934
1839
1937
1946
1950
1878
1889
1922
1916
1904
1794
1936
1956
1869
1892
1868
1894
1831
1942
2012
1853
1862
1934
2013
1959
1888
1842
2022
1951
1842
1896
2040
1967
1894
1846
1990
1951
1800
1868
1856
1926
1953
1739
1862
1866
1871
1840
1947
1891
1900
1929
1882
1906
1916
1873
1886
1863
2057
1842
1837
1795
1971
1882
1880
1859
1824
1764
1828
1934
1843
1930
1914
1795
1994
1905
1996
1874
1907
1916
1887
1896
1928
1879
1853
1965
1939
1941
2065
1864
1920
1854
1854
2031
1961
1944
1983
1902
1842
1909
1866
1900
1899
1813
1890
1818
1979
2006
1888
1860
1933
1895
2003
1897
1946
1917
1908
1989
1903
1946
1921
1929
1947
1916
2014
2084
2025
1969
2039
1977
1944
2052
1961
1890
1902
2022
1866
1932
2092
2028
1893
1966
2028
2030
1978
2039
1990
2014
1989
2043
1990
2058
2084
1880
2004
1904
1873
1963
1901
1980
1986
2067
2011
1972
1924
2001
1874
2001
1996
2019
1990
2127
1999
1977
2083
1881
1965
1989
1931
2127
1886
2061
1903
1907
1885
1950
2007
1958
2046
1905
2091
2050
1966
2023
1848
1982
2150
2054
2003
1883
2036
1951
2043
2099
2058
2011
1987
1961
1949
2043
1953
1849
2061
2094
2030
2005
2054
2030
1950
1991
1964
1982
2004
2013
2094
2055
2071
1900
2128
2091
2033
2112
1989
1997
2003
2010
2097
1932
2037
1982
1978
1975
2019
2037
2018
2042
1924
1979
1949
2006
2124
2088
1928
1982
1903
1938
1981
2008
2102
1943
2043
2100
2055
1971
2141
2084
2095
2044
2083
2123
2047
2169
2024
2182
2035
2131
2092
2167
1943
2045
2085
2067
2053
2053
2051
2149
2060
2104
2001
2085
1985
2092
2078
2037
2066
2054
2110
1980
1949
2019
2140
2171
2049
2143
2122
2102
2082
2075
2029
2107
2180
2040
2193
2106
2095
2039
2080
2057
2059
2126
2107
2049
2051
2159
2116
1940
1990
2051
1930
2058
1984
2071
1902
2052
2140
2094
2040
1994
2005
2053
2053
2143
1992
2082
2062
2151
1902
2100
2032
2149
2009
2208
2152
2101
2012
1976
2062
2056
2081
2045
2040
2119
2078
2094
2087
2035
1965
2096
2258
2075
2090
2088
2193
2078
2162
2025
2089
2135
2066
2076
2121
2139
2045
2117
2092
2014
2088
2186
2025
2174
2103
2116
2122
2208
2075
2117
2022
2081
2158
2010
2138
2130
2132
2049
2103
2109
2176
2250
2106
2142
2174
2272
2199
2231
2204
2208
2296
2185
2287
2341
2155
2208
2084
2188
2100
2183
2217
2236
2087
2234
2198
2131
2195
2094
2247
2138
2301
2138
2169
2310
2148
2102
2234
2313
2328
2155
2240
2242
2337
2253
2282
2174
2129
2447
2275
2271
2292
2262
2107
2205
2318
2197
2235
2159
2170
2153
2220
2239
2244
2196
2161
2243
2159
2233
2162
2127
2195
2160
2196
2312
2207
2144
2250
2166
2172
2135
2188
2158
2228
2252
2208
2261
2127
2190
2329
2068
2212
2243
2120
2079
2225
2155
2185
2260
2169
2223
2160
2189
2209
2216
2105
2137
2216
2232
2228
2228
2246
2251
2257
2221
2179
2083
2168
2130
2200
2281
2270
2118
2215
2171
2258
2184
2225
2374
2237
2246
2318
2213
2294
2197
2116
2123
2135
2153
2306
2260
2285
2318
2380
2285
2428
2287
2355
2447
2418
2448
2292
2358
2409
2380
2509
2380
2347
2242
2362
2366
2281
2297
2319
2204
2306
2314
2346
2348
2407
2359
2286
2408
2259
2407
2356
2412
2374
2358
2495
2478
2527
2481
2592
2397
2529
2449
2455
2442
2451
2352
2406
2483
2437
2387
2544
2376
2316
2360
2370
2312
2270
2362
2311
2346
2250
2304
2340
2371
2313
2282
2376
2259
2393
2421
2361
2304
2455
2390
2310
2378
2332
2287
2430
2452
2256
2282
2316
2410
2454
2359
2364
2411
2365
2468
2314
2220
2373
2349
2426
2410
2335
2401
2404
2231
2344
2326
2321
2409
2353
2396
2300
2346
2413
2496
2385
2414
2408
2348
2380
2339
2425
2481
2404
2334
2374
2353
2355
2346
2375
2479
2661
2443
2501
2508
2321
2415
2485
2585
2604
2498
2608
2485
2557
2666
2533
2526
2622
2626
2474
2596
2770
2543
2606
2763
2703
2692
2694
2479
2407
2631
2556
2447
2537
2530
2437
2420
2414
2460
2544
2553
2516
2548
2611
2562
2563
2582
2691
2809
2797
2751
2789
2855
2795
2836
2876
2920
2915
2949
2828
2823
2836
2714
2714
2705
2636
2603
2541
2538
2515
2522
2403
2469
2471
2456
2460
2434
2564
2534
2668
2671
2682
2666
2652
2624
2572
2587
2785
2605
2562
2574
2700
2538
2630
2561
2514
2584
2541
2633
2538
2583
2612
2651
2495
2539
2597
2555
2580
2594
2537
2549
2655
2611
2583
2445
2469
2487
2528
2556
2497
2517
2396
2516
2433
2505
2503
2410
2490
2456
2540
2555
2576
2516
2577
2732
2570
2600
2663
2758
2638
2714
2627
2674
2643
2820
2776
2999
2994
2964
2864
3038
3003
3026
3090
3187
3195
3233
3174
3378
3342
3212
3397
3222
3370
3191
3109
3181
3181
3111
3139
3057
2802
2865
2933
2861
2916
2890
2749
2855
3062
3191
3105
3301
3388
3422
3509
3664
3574
3804
3897
3759
3839
3946
4149
4027
4136
4250
4217
4104
3844
3996
3860
3680
3498
3350
3378
3227
3189
3189
3031
2913
2941
2949
2898
2928
2936
2976
2948
3105
3321
3453
3364
3464
3640
3556
3640
3486
3593
3570
3478
3484
3415
3316
3458
3259
3270
3159
3220
3303
3311
3253
3080
3187
3091
3165
3185
3244
3177
3222
3130
3275
3262
3180
3250
3243
3295
3277
2973
3021
2983
3053
3145
2927
2933
2962
3085
3048
3106
3172
3166
3212
3399
3432
3642
3457
3832
3869
4168
4040
4311
4417
4438
4447
4608
4926
5189
5425
5685
5888
6048
6269
6538
6869
6996
7200
7704
7773
7925
8343
8738
8416
8633
8893
8751
8728
8291
8253
8357
8240
7591
7309
7473
7201
6941
7133
7405
7783
8389
8679
9828
9502
10127
11078
11547
12999
15024
16804
17375
19036
19861
21190
22068
22168
23552
23336
22610
22764
22737
22335
20251
19931
19552
18160
16423
15861
14961
13198
11353
10620
10635
10863
11434
11822
13066
14703
16277
17497
19585
21864
24917
27528
30049
32466
34121
36575
38868
40308
42053
41624
41798
39818
38357
37783
36086
34757
33616
32434
28574
25443
23300
21173
18578
17447
15987
15313
14815
14456
14766
15909
17861
19236
21977
25227
27689
31002
33604
37623
40660
42724
45226
46660
49280
49717
51620
49142
49012
47734
45691
42634
39734
37015
33753
30997
27908
24897
22166
19796
17766
16149
15052
14547
14426
15005
15751
16624
18238
20114
22245
25099
26710
29845
33790
35112
32040
33885
36950
37913
37392
38831
43602
39707
38296
36336
34730
31190
29492
26864
24124
22016
19380
17917
15522
13961
12620
11861
11306
10874
10912
11364
11213
11557
12394
13700
14926
16640
18041
19170
20162
21080
21942
21077
22675
22048
20913
21268
20244
19986
18605
17995
15993
15204
14070
13051
12679
11320
9959
9469
8246
7410
7442
7029
6684
6287
6653
6806
6876
6942
7116
7261
7343
7473
7513
7729
7952
7890
7949
7606
7585
7623
7255
7239
7141
6784
6647
6566
6029
6052
5570
5492
5237
5101
4984
4694
4406
4258
4133
4028
4010
3912
3800
3657
3399
3625
3390
3252
3157
3152
2892
3042
3027
3000
2906
2827
2939
2904
2922
2867
2978
3066
2916
2989
3103
3113
3259
3180
3099
3018
3256
3028
3146
3161
3160
3112
3160
3046
3057
3162
3179
3148
3200
3332
3359
3420
3429
3469
3569
3852
3717
3718
3610
3680
3681
3614
3636
3465
3492
3332
3145
3114
3180
3080
3095
3000
2930
2932
2897
3169
3034
3119
3181
3137
3364
3440
3354
3528
3628
3786
3879
3925
4007
4044
4265
4272
4104
4151
3985
3945
3809
3620
3654
3529
3482
3348
3255
3128
2921
3071
2987
2970
2842
2778
2825
2871
2820
2818
2792
2778
3015
2988
3043
3194
3243
3143
3089
3240
3216
3148
3119
3261
3155
3050
2991
3016
3062
2947
2939
2866
2937
2834
2662
2916
2779
2709
2630
2782
2625
2788
2679
2670
2431
2657
2706
2559
2598
2527
2473
2542
2550
2517
2602
2594
2392
2465
2400
2571
2617
2599
2504
2509
2540
2470
2607
2468
2530
2584
2676
2535
2559
2651
2421
2570
2441
2499
2580
2465
2676
2700
2638
2640
2709
2592
2789
2693
2717
2735
2824
2701
2784
2739
2875
2642
2698
2774
2596
2730
2683
2625
2686
2627
2600
2567
2394
2441
2479
2561
2534
2463
2622
2601
2651
2684
2755
2688
2731
2677
2792
2869
2891
2922
2974
2865
2976
2971
3084
2887
2869
2880
2834
2797
2711
2707
2791
2667
2547
2664
2555
2554
2570
2469
2414
2509
2560
2493
2561
2633
2583
2656
2608
2679
2778
2608
2699
2620
2637
2613
2700
2759
2713
2593
2664
2681
2704
2528
2429
2503
2441
2516
2507
2495
2501
2527
2532
2363
2420
2377
2502
2443
2493
2452
2448
2450
2392
2395
2512
2442
2447
2487
2359
2444
2329
2448
2370
2372
2470
2352
2508
2336
2455
2455
2355
2479
2411
2359
2373
2348
2354
2354
2435
2397
2422
2429
2372
2348
2381
2417
2415
2504
2440
2414
2510
2443
2546
2434
2558
2392
2478
2366
2359
2539
2447
2477
2388
2549
2462
2315
2527
2545
2468
2440
2362
2409
2382
2399
2365
2450
2542
2399
2459
2443
2554
2505
2418
2492
2569
2621
2722
2568
2508
2622
2671
2619
2660
2670
2615
2622
2599
2490
2527
2527
2413
2380
2489
2472
2349
2439
2430
2316
2352
2470
2489
2447
2354
2469
2431
2447
2414
2433
2516
2489
2354
2461
2457
2452
2579
2498
2486
2585
2444
2407
2489
2372
2402
2370
2412
2457
2406
2412
2321
2396
2448
2447
2391
2414
2382
2378
2363
2350
2396
2288
2248
2333
2400
2227
2272
2298
2361
2242
2370
2226
2380
2291
2294
2363
2228
2305
2260
2381
2471
2509
2305
2281
2233
2146
2248
2240
2275
2320
2280
2266
2342
2563
2432
2234
2275
2271
2288
2330
2386
2314
2214
2368
2392
2274
2191
2231
2351
2286
2384
2326
2316
2388
2314
2433
2278
2331
2383
2338
2278
2306
2357
2262
2278
2291
2298
2251
2362
2324
2335
2351
2409
2338
2318
2522
2390
2391
2385
2497
2495
2387
2458
2382
2371
2258
2372
2469
2393
2410
2438
2436
2401
2264
2248
2322
2266
2353
2287
2325
2353
2315
2359
2175
2419
2460
2242
2321
2243
2348
2384
2396
2307
2403
2428
2285
2320
2303
2387
2403
2255
2378
2399
2314
2463
2342
2294
2364
2271
2275
2380
2257
2237
2276
2462
2225
2260
2322
2195
2365
2255
2300
2256
2267
2274
2189
2364
2220
2188
2304
2365
2291
2193
2299
2345
2250
2211
2154
2340
2123
2206
2271
2278
2339
2229
2259
2233
2300
2272
2238
2308
2168
2274
2320
2119
2256
2183
2317
2270
2265
2322
2233
2202
2207
2312
2247
2248
2259
2119
2203
2190
2267
2342
2177
2421
2296
2167
2150
2273
2324
2380
2318
2283
2269
2158
2251
2301
2293
2237
2206
2258
2318
2276
2236
2342
2299
2241
2410
2331
2383
2302
2366
2353
2281
2199
2296
2256
2250
2229
2104
2254
2288
2320
2384
2257
2311
2278
2266
2153
2235
2262
2304
2328
2258
2260
2375
2161
2282
2277
2339
2271
2309
2287
2304
2219
2219
2250
2179
2358
2309
2253
2249
2285
2202
2306
2220
2328
2207
2328
2204
2312
2157
2232
2217
2206
2180
2241
2168
2230
2213
2166
2269
2257
2023
2213
2311
2170
2248
2188
2176
2250
2147
2199
2117
2247
2274
2272
2297
2273
2278
2112
2207
2172
2102
2035
2208
2321
2152
2188
2296
2330
2228
2197
2268
2223
2246
2139
2120
2212
2169
2133
2190
2195
2190
2137
2145
2236
2146
2168
2386
2189
2208
2224
2313
2172
2150
2233
2148
2166
2236
2189
2141
2237
2101
2239
2166
2228
2300
2266
2121
2197
2207
2128
2253
2170
2152
2120
2194
2223
2232
2157
2272
2316
2305
2146
2220
2203
2219
2193
2113
2280
2134
2176
2161
2192
2165
2275
2235
2125
2196
2144
2149
2182
2142
2167
2277
2224
2234
2328
2203
2175
2237
2192
2241
2183
2112
2014
2030
2141
2232
2196
2181
2194
2253
2145
2200
2102
2100
2196
2236
2183
2100
2073
2125
2135
2308
2039
2051
1972
2177
2107
2160
2082
2079
2271
2172
2103
2175
2158
2169
2135
2239
2154
2217
2067
2228
2165
2148
2158
2113
2138
2198
2228
2057
2199
2088
2183
2144
2129
2169
2276
2107
2177
2133
2170
2199
2129
2058
2177
2164
2123
2186
2110
2217
2131
2197
2095
2093
1981
2103
2186
2096
2075
2133
2170
2214
2287
2232
2214
2095
2219
2108
2179
2209
2085
2252
2233
2124
2093
2096
2083
2139
2100
2101
2166
2102
2207
2112
2220
2176
2077
2055
2145
2147
2081
2117
2077
2111
2191
2228
2098
2009
2097
2074
2200
2100
2163
2083
2126
2039
2105
2137
2253
2033
2139
2061
2090
2175
2189
2089
2155
2224
2089
2136
2196
2003
2117
2133
2055
2134
2122
2055
2109
2046
2051
2128
2068
2129
2129
2121
2053
1971
2254
2109
2059
2162
2154
2044
2103
2088
2103
2084
2177
2081
2213
2116
2028
2045
2082
2110
2183
2041
2000
2180
2130
2075
2110
2104
2099
2108
2081
2137
2089
2135
2120
2106
2011
2009
2228
2006
2169
2101
2099
2164
2037
2015
2044
2031
2183
2047
2065
2137
2125
1969
2034
2097
2128
2068
2053
2074
2154
2210
2062
2200
2026
2074
2143
2192
2011
2141
2020
2042
2036
2105
1923
2046
2030
1983
2078
2074
2051
2085
1918
2024
2182
1996
1924
2023
2099
2049
2074
2065
2071
2128
2029
2115
1978
2152
2117
2096
2127
2098
1995
2132
2044
1996
2064
2111
2072
2018
1923
2109
2144
2141
2061
2018
2065
2114
2212
2095
2075
2127
2142
2120
1994
2072
2002
1966
2036
2050
1986
1969
1953
1993
2135
2041
2081
2085
2066
2052
2048
1984
1975
1940
1935
2010
2077
1981
2021
2088
2003
2111
2092
2078
2045
1970
1965
2090
2106
2048
1997
2180
2089
1995
2055
2090
1990
1982
2043
2001
2071
1919
1998
2089
2086
2127
2052
2029
1945
1939
2033
2011
2048
1921
1904
2115
1993
2126
2009
1989
2039
1975
2098
1980
2063
1928
1951
1938
1937
2088
1913
1940
2025
2090
1910
1928
1953
2051
1979
2096
2059
2023
1979
2041
2044
2023
2018
1999
1989
1991
1894
2099
1993
1964
2084
1988
2132
2052
1999
2064
1933
2007
2047
1950
1907
1963
2031
1985
1913
1942
2072
2062
1916
1986
2054
1929
1901
2059
1987
1989
2010
1961
2029
1962
1947
1972
1890
1959
2029
1915
1968
1929
1982
2001
2038
1938
2027
1937
1978
1977
1997
1930
1972
1937
2062
1927
1992
1847
1836
2001
1994
1921
1939
1901
2029
1978
2016
1919
2027
1980
1945
1902
2028
1946
1909
1937
1942
2050
1979
1929
1873
1936
1956
1978
1947
1964
1985
1954
1990
2008
1916
1955
1887
2067
1982
2037
1954
2052
2002
1941
2104
2013
1958
2030
1982
1949
1981
1965
1928
1911
1988
1919
1869
1919
1950
1993
1916
1919
1975
2020
1980
1994
2004
1947
1997
2071
1945
1882
1966
1984
2038
1852
1912
1973
1826
1916
1966
1996
1985
1863
1907
2010
1991
1916
1930
1987
1970
1905
1894
2114
1900
1905
2010
1986
1904
1919
1976
1954
1975
1931
1892
2060
2007
1875
2021
1898
2014
1867
1883
1891
1918
1896
2029
2060
1886
1978
1988
1997
1966
2054
1984
1938
1909
1913
1874
1983
2002
1851
1994
1912
1911
1985
2052
1796
1899
1988
1926
1908
1893
1952
1981
2036
1906
1879
1979
2005
1954
1944
1901
2056
1904
1783
1893
1965
2010
1897
1854
1928
1886
2018
1925
1946
1870
1888
1836
1862
1752
1927
1862
1849
1835
1910
1880
1872
1825
1825
1939
1962
1951
1855
1862
1826
1912
1869
1974
1902
1930
1996
1971
2029
1966
1919
1895
1898
1925
1966
1917
1899
1917
1894
1921
1889
1970
1822
1893
1956
1918
1806
1958
1953
1882
1866
1926
1906
2021
1889
1983
2001
1871
1957
1965
1909
1871
1884
1828
1927
1783
1839
1892
1810
2016
1980
1846
1877
1864
1846
1872
1987
1907
1861
1826
1950
1834
1792
1978
1895
1878
1837
1905
1808
1866
1927
1916
1775
1812
2057
1886
1832
1828
1863
1916
1878
1880
1859
1829
1810
1787
1934
2050
1881
1805
1754
1969
1895
1876
1977
1832
1798
1972
1824
1772
1829
1857
1825
1715
1768
1855
1715
1820
1791
1926
1843
1800
1911
1798
1825
1859
1829
1826
1866
1840
1680
1831
1840
1865
1819
1900
1897
1839
1895
1754
1850
1894
1910
1956
1871
1769
1831
1735
1893
1813
1871
