1487
1488
1316
1368
1351
1463
1491
1405
1437
1378
1478
1540
1409
1471
1418
1312
1381
1532
1399
1387
1430
1428
1434
1443
1440
1571
1479
1340
1361
1274
1408
1477
1368
1488
1385
1458
1505
1478
1558
1491
1482
1373
1561
1511
1475
1354
1429
1428
1447
1361
1435
1405
1457
1339
1288
1344
1361
1440
1438
1490
1438
1434
1526
1401
1535
1418
1496
1471
1476
1405
1472
1378
1455
1457
1451
1485
1360
1382
1568
1437
1459
1473
1561
1472
1465
1425
1457
1488
1441
1418
1449
1431
1408
1440
1458
1520
1395
1533
1540
1404
1530
1442
1561
1453
1583
1531
1517
1500
1470
1406
1480
1314
1415
1446
1484
1650
1489
1482
1474
1495
1443
1376
1519
1477
1642
1545
1464
1459
1481
1436
1524
1514
1547
1595
1471
1484
1529
1512
1486
1529
1545
1482
1544
1579
1389
1384
1494
1489
1530
1487
1512
1489
1488
1445
1446
1583
1421
1466
1500
1482
1476
1375
1609
1493
1574
1537
1561
1624
1512
1625
1490
1541
1455
1487
1550
1473
1560
1539
1557
1506
1505
1424
1448
1587
1466
1441
1440
1556
1472
1536
1604
1521
1538
1615
1510
1528
1582
1539
1590
1504
1557
1427
1565
1429
1490
1518
1563
1505
1543
1556
1643
1586
1618
1568
1536
1612
1526
1569
1518
1538
1529
1469
1615
1589
1498
1596
1528
1641
1544
1561
1462
1659
1552
1702
1503
1651
1667
1521
1511
1505
1591
1507
1561
1549
1613
1527
1571
1582
1548
1620
1559
1597
1490
1648
1551
1698
1659
1600
1661
1558
1676
1671
1547
1535
1528
1506
1585
1582
1563
1540
1635
1618
1601
1607
1645
1655
1493
1618
1543
1565
1652
1663
1593
1585
1450
1579
1581
1509
1553
1672
1477
1622
1636
1650
1593
1630
1574
1640
1634
1558
1708
1720
1544
1566
1662
1565
1500
1552
1500
1574
1638
1529
1558
1544
1661
1595
1588
1592
1657
1558
1625
1594
1555
1604
1647
1524
1620
1613
1605
1597
1679
1560
1607
1645
1709
1796
1539
1588
1761
1591
1725
1553
1681
1687
1670
1633
1570
1709
1654
1640
1601
1647
1706
1564
1566
1652
1745
1687
1723
1625
1624
1600
1684
1623
1533
1594
1575
1726
1712
1808
1656
1571
1661
1703
1608
1640
1569
1584
1817
1640
1623
1651
1600
1673
1741
1541
1686
1678
1610
1708
1659
1715
1777
1749
1602
1614
1687
1625
1593
1649
1638
1804
1704
1620
1674
1736
1659
1616
1786
1729
1745
1670
1654
1661
1696
1721
1765
1625
1751
1718
1612
1658
1795
1625
1716
1684
1659
1673
1739
1663
1598
1632
1639
1711
1617
1647
1622
1734
1729
1614
1730
1677
1743
1618
1771
1852
1731
1743
1790
1627
1709
1750
1618
1616
1816
1648
1730
1722
1706
1719
1717
1693
1657
1769
1631
1689
1608
1595
1804
1820
1628
1671
1778
1759
1682
1779
1670
1745
1605
1808
1848
1633
1825
1776
1667
1645
1848
1728
1821
1680
1728
1779
1708
1746
1715
1716
1805
1759
1674
1739
1703
1706
1796
1794
1698
1704
1719
1699
1663
1713
1827
1713
1744
1716
1800
1697
1689
1579
1659
1716
1700
1789
1716
1794
1819
1681
1759
1767
1708
1794
1802
1723
1758
1664
1762
1690
1909
1842
1764
1780
1745
1757
1877
1795
1642
1643
1684
1681
1806
1793
1808
1660
1748
1656
1847
1708
1750
1800
1756
1692
1741
1826
1793
1708
1714
1776
1772
1667
1739
1727
1810
1812
1773
1796
1749
1825
1779
1830
1759
1796
1697
1807
1859
1857
1786
1905
1728
1843
1999
1740
1727
1831
1824
1862
1657
1969
1747
1714
1735
1825
1809
1787
1751
1715
1853
1825
1842
1791
1837
1820
1836
1850
1809
1795
1924
1827
1867
1868
1875
1892
1771
1974
1850
1874
1847
1864
1767
1854
1874
1771
1793
1864
1847
1809
1883
1797
1778
1764
1781
1769
1857
1886
1763
1783
1727
1865
1817
1816
1873
1879
1895
1867
1839
1852
1876
1799
1723
1787
1865
1912
1837
1915
1860
1871
1894
1882
1801
1826
1735
1841
1880
1865
1688
1840
1929
1887
1840
1837
1854
1927
1896
1837
1947
1920
1858
1838
1848
1757
1808
1759
1745
1882
1850
1819
1920
1864
1964
1999
1903
1824
1840
1773
1734
1838
1742
1855
1846
1860
1933
1921
1893
1886
1965
1855
2052
1828
1879
1781
1828
1814
1906
1828
1907
1874
1970
1933
1854
1894
1965
1779
1996
1885
1964
1943
1990
2015
1861
1977
1888
1849
1896
1959
1946
1990
1916
1895
1810
1898
1926
1868
1940
1895
1853
1846
1952
1968
1944
1903
1948
1946
1798
1886
1960
1966
1867
1753
1928
1966
1891
1812
2004
1918
1946
1943
1904
1992
1895
1901
1866
1942
1969
1991
1870
1902
1942
1882
2032
1954
1920
1762
1983
2006
2002
1920
1981
1903
2106
1890
1915
2016
1840
1826
1982
1805
1937
1933
1822
1957
1995
1949
1927
1960
1942
1988
1876
1926
1899
1940
1942
1957
1848
2030
1980
1967
1925
1898
2105
1921
1829
1856
1880
1843
1945
1922
1954
2019
1924
1846
1887
1817
1869
1984
1954
2033
2055
1988
1898
1950
1993
1961
1895
1908
1879
1893
1951
1900
1888
1912
1925
1983
1899
1920
1904
2056
2003
2001
2057
1895
1962
2031
1891
1906
1935
2012
1939
1937
2045
1844
1980
1989
1937
2015
1911
2087
1915
2023
2053
1986
2009
1964
2002
1969
1965
2014
1908
1946
1942
2027
1981
2139
2027
2066
1916
1899
2049
1873
1947
1930
2050
2049
1966
1994
2110
1960
2121
2000
2039
2014
2081
1939
2055
1980
1922
1988
2119
2029
2040
2076
2082
2136
2156
1991
2102
1997
1982
1988
1916
1987
2004
2034
1905
2078
1995
1953
2103
2038
2013
1946
2031
2112
2077
2046
2085
1907
2130
2128
2026
1984
1963
2076
2064
1946
2086
2021
2030
2057
1968
2045
2003
1978
1993
2082
1853
1998
2071
2071
2146
2028
2138
1982
2111
2094
2089
2082
1959
2089
1992
2103
2063
2027
2178
2102
2117
2003
2031
1945
2015
2102
1978
2154
2065
2175
2133
2188
2017
1983
2076
1940
2154
2026
2037
2059
2091
2093
2025
2123
2071
2093
2194
2082
2010
2155
2100
2089
2045
2020
2127
2142
2198
2279
2163
2136
2171
2253
2203
2082
2206
2207
2014
2168
2196
2140
2194
2153
2121
2164
2060
2047
2134
2237
2192
2096
2119
2168
2107
2182
2149
2059
2185
2143
2076
2095
2098
2047
2103
2189
2113
2157
2089
2198
2198
2159
2123
2109
2151
2092
2203
2116
2118
2063
2017
2219
2189
2077
2093
2082
2100
2146
2075
2121
2216
2067
2122
2160
2198
1990
2177
2079
2191
2170
2145
2156
2184
2190
2130
2130
2116
2096
2133
2184
2165
2240
1910
2103
2123
2186
2209
2150
2074
2228
2154
2113
2103
2152
2167
2247
2259
2091
2227
2060
2187
2275
2039
2151
2013
2163
2276
2192
2221
2182
2201
2327
2154
2159
2189
2142
2173
2233
2144
2228
2299
2199
2180
2279
2265
2211
2195
2197
2267
2270
2171
2209
2136
2104
2192
2167
2228
2194
2281
2179
2272
2215
2236
2114
2151
2254
2187
2228
2243
2384
2219
2208
2149
2130
2265
2280
2205
2215
2269
2161
2241
2232
2288
2268
2311
2298
2243
2350
2243
2249
2217
2237
2180
2253
2253
2278
2228
2247
2094
2273
2214
2273
2269
2277
2260
2204
2196
2202
2158
2219
2272
2216
2293
2273
2353
2446
2206
2202
2234
2286
2210
2293
2303
2371
2170
2144
2330
2218
2349
2203
2241
2224
2291
2342
2413
2208
2212
2368
2290
2183
2317
2120
2336
2303
2276
2272
2161
2240
2276
2195
2280
2381
2418
2322
2343
2463
2291
2343
2255
2292
2257
2225
2376
2272
2378
2274
2239
2416
2326
2398
2400
2352
2262
2430
2231
2435
2330
2446
2521
2238
2294
2360
2231
2398
2438
2313
2355
2436
2308
2411
2425
2312
2503
2381
2519
2339
2299
2448
2401
2461
2240
2448
2535
2389
2480
2448
2402
2352
2423
2341
2420
2426
2395
2351
2186
2396
2462
2308
2415
2405
2400
2329
2402
2384
2378
2321
2432
2458
2467
2448
2385
2573
2487
2412
2304
2440
2484
2451
2585
2454
2381
2339
2386
2271
2362
2380
2513
2348
2351
2441
2401
2342
2413
2291
2304
2357
2483
2352
2421
2295
2477
2363
2471
2367
2454
2442
2357
2355
2376
2230
2392
2371
2278
2354
2344
2439
2340
2373
2234
2321
2409
2315
2473
2464
2453
2357
2433
2491
2491
2401
2390
2448
2396
2457
2377
2449
2451
2605
2457
2487
2546
2494
2472
2552
2361
2456
2401
2400
2376
2467
2526
2583
2574
2428
2432
2426
2460
2545
2508
2621
2588
2540
2599
2588
2698
2457
2664
2653
2577
2530
2633
2626
2591
2543
2509
2622
2724
2572
2587
2702
2724
2674
2555
2479
2597
2692
2747
2644
2691
2713
2555
2676
2579
2413
2649
2568
2607
2665
2693
2528
2633
2549
2662
2684
2640
2653
2705
2682
2716
2651
2670
2702
2607
2673
2693
2581
2635
2720
2534
2649
2759
2633
2566
2765
2650
2635
2586
2504
2649
2552
2644
2574
2533
2557
2615
2518
2513
2588
2687
2665
2604
2689
2617
2512
2564
2497
2597
2538
2612
2722
2623
2568
2701
2653
2734
2559
2627
2646
2568
2624
2703
2569
2746
2578
2519
2713
2669
2582
2779
2808
2581
2601
2704
2640
2725
2907
2715
2759
2703
2735
2810
2717
2837
2585
2808
2790
2826
2723
2661
2692
2734
2760
2730
2781
2790
2654
2830
2830
2833
2944
2956
2845
2760
2937
2875
2977
2847
2738
2812
2948
2952
3021
3035
3079
3162
3075
2993
2879
2964
3053
2941
3115
3089
3012
3007
3022
3177
3024
3063
3110
2997
2918
2916
3071
2991
2997
3105
3098
3102
2816
2936
2967
2922
3173
3002
2976
3064
3032
3172
2988
3078
3032
3074
3004
3007
3028
3108
2970
3003
2932
3009
2893
2962
3019
2989
2880
2846
2855
2880
2733
2927
2893
3011
2863
2821
2948
2952
2963
2927
2862
3020
2842
2788
2980
2928
3033
2944
2857
2965
2891
2814
2844
2953
2914
2845
2851
2982
3009
2764
2847
2981
2824
2917
2894
3044
3061
2979
2905
3070
3043
3001
2918
3083
3019
3096
3071
3260
3151
3325
3220
3229
3243
3118
3187
3378
3374
3319
3213
3300
3314
3330
3392
3337
3475
3317
3330
3415
3498
3561
3573
3370
3476
3679
3693
3661
3744
3678
3776
3839
3818
3763
3827
3963
3784
4016
4274
4052
4181
4067
4159
3993
4152
3990
4096
4012
3993
3925
3944
3901
3871
3761
3937
3831
3909
3897
3960
4013
4140
3927
4013
4082
4239
4196
4175
4187
4060
4187
4153
4366
4219
4185
4135
4123
4141
4127
4195
4272
4212
4215
4166
4113
4081
3963
4052
3981
3773
3939
3621
3939
3840
3858
3816
3783
3802
3789
4001
3891
3907
3909
3765
4010
3852
3851
3928
3882
4084
3964
3957
3852
3825
3853
3958
3989
4087
3995
4048
3831
3989
4023
3988
4029
4153
4401
4358
4355
4401
4767
4573
4834
4833
4910
5239
5365
5276
5651
5601
5658
6012
6172
6080
6143
6229
6358
6597
6963
6831
6918
6953
7015
6884
7089
7300
7233
7316
7665
7988
7927
7954
8621
9009
9490
9789
10063
10732
10903
11914
12590
13044
12662
12666
13896
13882
14404
15701
16103
16512
16646
16559
16975
15909
15848
16008
15734
15725
17028
17459
16704
17152
16681
17128
17240
17289
18082
18313
18085
19249
20436
21481
20936
22533
23970
24162
23976
26045
27914
27493
25232
26660
28764
30899
31911
32658
33050
33627
33658
32581
33050
31817
31232
29786
29710
29482
28805
27718
27798
28731
29468
28777
28726
28676
28980
29860
31249
32829
35017
37452
37101
37176
38680
39610
40792
42644
42712
43707
45124
44980
43949
44596
45120
43846
43158
43717
42957
41650
40092
39232
37968
37284
35594
34532
34664
33674
34380
32791
33398
33654
34471
34928
35202
36016
36735
38269
39364
40758
41056
42344
43424
44185
44954
45376
46168
46472
44661
43657
42397
41364
40580
40331
37765
37166
37178
34153
28932
27796
29201
28212
27283
27497
31348
28635
28460
28233
29084
28634
29400
30076
30411
30942
31618
31953
32415
32010
32203
32604
32685
31448
31588
31074
29034
27140
26281
25578
25309
25156
24091
23386
22100
21296
20713
19228
18852
17772
17160
17415
16151
16060
16082
15648
15292
15364
16154
16003
16442
16491
15726
16653
15739
15208
16036
15805
15801
14554
15170
14741
13738
13716
12878
12216
12008
11362
10661
10519
9687
9171
8739
8573
8496
7897
7875
7597
7405
7071
7109
6962
6838
6893
6895
6973
6925
6699
6408
6299
6332
6249
6203
6084
5838
5573
5540
5460
5521
5096
5176
4893
4695
4860
4645
4575
4389
4241
4090
4286
4109
4121
4108
3954
3884
3856
3875
3908
3847
3664
3898
3938
3817
3825
3913
3827
3854
3792
3759
3778
3884
3671
3493
3606
3780
3827
3680
3951
3735
3693
3917
3830
3756
3703
3921
3782
3826
3819
3887
4018
3836
3872
4122
4150
3881
3893
4044
4109
4081
4278
4104
4184
4293
4379
4263
4220
4141
4170
4240
4220
4128
3844
4015
3938
3915
4109
4023
4014
3807
4019
4024
3754
3835
3908
3860
3908
3748
3949
4076
4081
3951
4112
3904
4083
4059
4217
3953
4240
3943
3892
3913
3967
3771
3718
3747
3872
3669
3695
3525
3577
3508
3539
3372
3323
3377
3320
3304
3244
3070
3185
3207
3222
3264
3250
3223
3338
3150
3130
3354
3245
3314
3274
3073
3420
3226
3184
3057
3114
3174
3094
3041
3105
3009
3007
3071
2971
2996
2940
2985
3124
3011
3024
2897
2871
2844
2906
2932
2854
2933
3084
2789
2847
2946
2899
2807
2828
2834
2941
2939
2906
2865
2974
2979
2986
2962
2857
3023
2981
2913
2941
3149
2893
2987
2925
3185
3057
3014
2961
2942
2927
2911
2930
2950
3038
3155
3079
3115
3183
3131
3175
3212
3093
3018
3114
3070
3133
3203
2963
2835
2971
3162
2931
3009
3100
3179
2912
3063
3025
3002
3099
3162
2977
3073
3020
3152
3058
2920
3142
3055
3258
3106
3120
3086
3114
3066
3065
3116
3153
3103
3018
3032
2887
3073
3171
3104
2981
3049
2842
2896
3049
3097
2899
2846
2735
2973
2906
2861
2955
2751
2875
2857
2858
2881
2928
2915
2878
2797
2792
2869
2779
2830
2874
2695
2833
2745
2840
2736
2855
2849
2862
2730
2728
2758
2662
2828
2684
2788
2735
2646
2677
2850
2673
2726
2791
2738
2700
2716
2678
2617
2620
2501
2756
2602
2678
2657
2720
2853
2623
2672
2751
2813
2733
2617
2780
2693
2626
2606
2744
2656
2725
2843
2610
2702
2754
2733
2670
2753
2816
2700
2795
2673
2771
2726
2727
2784
2798
2850
2791
2709
2736
2650
2833
2869
2736
2772
2601
2757
2864
2837
2662
2792
2740
2896
2830
2664
2734
2719
2659
2792
2779
2660
2796
2757
2834
2810
2608
2839
2819
2885
2745
2836
2775
2747
2674
2732
2710
2635
2813
2869
2689
2714
2679
2829
2638
2740
2654
2761
2723
2681
2726
2687
2749
2639
2702
2615
2661
2668
2608
2694
2729
2536
2783
2625
2731
2616
2669
2615
2607
2634
2653
2744
2634
2795
2781
2597
2659
2553
2701
2615
2601
2631
2664
2720
2540
2621
2615
2504
2751
2642
2697
2576
2676
2626
2646
2593
2697
2589
2513
2557
2603
2629
2571
2646
2599
2450
2506
2627
2605
2574
2546
2631
2505
2586
2581
2650
2611
2553
2540
2509
2635
2490
2465
2601
2734
2654
2444
2651
2576
2579
2542
2525
2525
2615
2615
2659
2446
2580
2571
2670
2633
2655
2533
2627
2569
2789
2675
2593
2600
2656
2532
2690
2631
2479
2703
2584
2582
2620
2612
2529
2627
2569
2493
2558
2625
2652
2628
2591
2760
2532
2634
2644
2576
2575
2628
2667
2547
2658
2571
2583
2607
2640
2619
2593
2707
2548
2588
2552
2585
2640
2614
2654
2622
2546
2533
2584
2572
2592
2577
2509
2646
2526
2500
2519
2513
2519
2635
2436
2443
2534
2494
2529
2527
2628
2616
2523
2603
2490
2642
2492
2576
2579
2539
2568
2554
2451
2533
2485
2483
2635
2437
2523
2555
2443
2568
2547
2447
2563
2463
2551
2541
2606
2514
2555
2589
2533
2583
2612
2530
2523
2484
2540
2596
2399
2473
2552
2476
2421
2500
2499
2524
2469
2578
2567
2446
2596
2569
2532
2547
2443
2548
2602
2453
2616
2548
2425
2408
2607
2562
2422
2648
2642
2601
2485
2469
2597
2504
2547
2580
2641
2580
2608
2603
2587
2602
2503
2605
2590
2594
2542
2481
2508
2562
2481
2677
2456
2436
2471
2519
2535
2519
2624
2490
2501
2535
2407
2544
2526
2616
2511
2628
2493
2532
2447
2506
2482
2541
2463
2514
2530
2426
2379
2534
2490
2666
2648
2537
2541
2282
2477
2640
2516
2448
2576
2431
2472
2357
2447
2467
2559
2434
2472
2489
2569
2465
2665
2669
2465
2483
2460
2456
2564
2481
2533
2438
2445
2451
2388
2477
2463
2417
2607
2380
2389
2379
2395
2540
2473
2481
2443
2471
2436
2520
2466
2499
2346
2410
2404
2420
2347
2501
2425
2492
2382
2495
2419
2465
2435
2266
2500
2440
2482
2462
2412
2531
2526
2326
2373
2352
2549
2434
2550
2381
2382
2404
2451
2390
2492
2501
2525
2589
2534
2471
2411
2461
2548
2482
2431
2463
2349
2352
2352
2480
2338
2464
2496
2490
2319
2557
2507
2398
2349
2386
2465
2469
2379
2421
2443
2475
2440
2572
2381
2414
2439
2394
2377
2410
2440
2323
2523
2384
2449
2325
2500
2470
2539
2498
2451
2485
2439
2539
2504
2370
2404
2368
2499
2434
2433
2340
2432
2363
2427
2420
2418
2450
2342
2402
2393
2372
2456
2464
2391
2291
2524
2493
2359
2440
2369
2344
2343
2304
2387
2470
2322
2469
2381
2249
2377
2379
2373
2349
2349
2498
2531
2291
2346
2430
2359
2475
2439
2347
2484
2331
2311
2490
2443
2346
2402
2380
2372
2440
2370
2378
2200
2409
2431
2382
2429
2330
2457
2499
2349
2415
2419
2433
2369
2399
2500
2421
2401
2398
2358
2337
2471
2459
2418
2403
2455
2295
2279
2439
2395
2436
2390
2289
2486
2381
2501
2318
2372
2382
2405
2380
2391
2467
2427
2343
2359
2414
2255
2333
2549
2290
2226
2505
2369
2440
2399
2303
2488
2398
2338
2295
2308
2396
2318
2302
2318
2246
2343
2411
2380
2434
2293
2380
2281
2293
2417
2486
2254
2270
2252
2304
2398
2522
2400
2338
2388
2271
2324
2361
2298
2427
2392
2338
2212
2439
2482
2419
2274
2279
2309
2424
2376
2230
2303
2315
2292
2301
2171
2320
2366
2422
2303
2339
2286
2145
2374
2258
2335
2289
2267
2255
2175
2391
2193
2251
2191
2355
2305
2276
2263
2395
2356
2338
2264
2267
2306
2207
2282
2206
2314
2374
2365
2289
2354
2269
2227
2272
2229
2268
2289
2282
2324
2177
2320
2300
2338
2309
2316
2391
2295
2433
2365
2328
2392
2229
2350
2316
2406
2181
2205
2316
2252
2354
2340
2220
2260
2207
2351
2395
2301
2406
2277
2302
2358
2269
2362
2239
2176
2315
2268
2354
2251
2290
2221
2404
2344
2314
2318
2283
2287
2391
2360
2182
2307
2228
2374
2304
2236
2333
2196
2272
2231
2411
2176
2222
2257
2166
2344
2189
2242
2253
2395
2292
2346
2401
2288
2322
2358
2280
2263
2311
2320
2304
2238
2222
2221
2247
2202
2279
2142
2343
2286
2325
2419
2363
2267
2273
2280
2357
2277
2227
2339
2281
2232
2232
2282
2197
2268
2390
2270
2314
2292
2271
2271
2202
2157
2229
2291
2226
2220
2388
2218
2175
2381
2267
2133
2311
2290
2355
2313
2368
2227
2247
2245
2160
2188
2300
2269
2255
2155
2087
2281
2243
2155
2261
2240
2248
2305
2321
2228
2209
2152
2187
2215
2218
2193
2308
2177
2216
2297
2277
2405
2328
2255
2240
2255
2237
2290
2226
2260
2269
2183
2249
2149
2240
2358
2325
2206
2283
2342
2212
2197
2211
2128
2202
2207
2358
2313
2361
2087
2225
2229
2212
2385
2151
2280
2296
2111
2282
2279
2296
2187
2180
2319
2127
2277
2141
2231
2076
2299
2091
2278
2232
2267
2248
2124
2275
2212
2127
2291
2250
2156
2288
2313
2253
2203
2153
2273
2211
2270
2266
2141
2174
2217
2274
2145
2167
2138
2091
2130
2197
2262
2196
2315
2294
2155
2281
2218
2269
2268
2182
2235
2355
2254
2212
2279
2250
2147
2280
2137
2196
2296
2277
2093
2216
2149
2191
2161
2256
2308
2247
2152
2235
2056
2332
2276
2175
2189
2223
2231
2276
2142
2104
2194
2101
2207
2201
2177
2292
2239
2197
2121
2224
2165
2089
2209
2200
2141
2207
2360
2207
2119
2170
2372
2141
2248
2179
2197
2226
2141
2154
2189
2202
2160
2106
2202
2139
2167
2185
2203
2203
2099
2318
2182
2166
2121
2210
2061
2207
2219
2087
2152
1996
2140
2067
2137
2224
2159
2115
2260
2124
2187
2075
2247
2005
2279
2155
2295
2213
2094
2109
2184
2101
2216
2139
2078
2167
2164
2157
2100
2203
2069
2240
2151
2217
2179
2227
2118
2005
2173
2230
2169
2101
2170
2110
2075
2099
2278
2196
2162
2111
2069
2194
2168
2124
2039
2167
2112
2173
2095
2089
2008
1983
2199
2095
2165
2204
2226
1960
2167
2238
2139
2217
2193
2173
2053
2113
2238
2085
2141
2084
2027
2112
2204
2104
2115
2173
2138
2241
2209
2110
2039
2038
2147
2018
2152
2048
2149
2076
2001
2105
2201
2139
1984
2024
2079
2193
2106
2102
2188
2179
2037
2123
2104
2086
1980
2120
2093
2096
2045
2061
2091
2081
2070
2043
2188
2089
2084
2171
2048
2127
2121
2192
2028
2077
2132
2051
2066
2040
1940
2165
2050
2065
2060
2044
2100
2222
2122
2090
2133
2130
2188
2173
1994
2145
2107
2056
2166
2047
2053
2029
2135
2129
2031
2136
2029
2043
2196
2085
2114
1985
2085
2004
2075
2032
2082
1988
1913
1966
2113
2074
2101
2020
2071
2108
1974
2075
2123
2069
2159
2127
1988
2087
2092
2125
2108
2057
1963
2042
2077
2004
2010
2096
2112
2015
2093
2006
2149
1988
1981
2197
1996
2026
2110
2098
