1497
1549
1512
1519
1454
1448
1491
1508
1399
1527
1539
1489
1467
1592
1383
1465
1373
1499
1357
1465
1359
1523
1430
1441
1530
1449
1548
1434
1619
1493
1617
1551
1427
1520
1437
1394
1448
1573
1499
1504
1467
1431
1524
1563
1460
1553
1544
1570
1555
1477
1468
1516
1475
1527
1565
1531
1514
1555
1611
1486
1456
1562
1482
1439
1523
1599
1488
1442
1515
1620
1457
1430
1482
1416
1443
1524
1464
1562
1429
1628
1481
1525
1574
1642
1521
1541
1502
1446
1482
1560
1469
1602
1379
1536
1553
1484
1572
1642
1439
1524
1619
1456
1492
1590
1484
1605
1593
1524
1513
1611
1517
1611
1480
1532
1547
1488
1615
1627
1409
1509
1625
1550
1589
1533
1546
1548
1572
1574
1524
1520
1667
1590
1473
1467
1640
1528
1527
1553
1614
1595
1637
1546
1572
1527
1693
1637
1633
1584
1642
1565
1575
1629
1549
1563
1587
1576
1449
1511
1650
1405
1589
1569
1570
1559
1680
1614
1676
1575
1502
1683
1638
1558
1564
1560
1610
1588
1649
1512
1609
1481
1532
1536
1580
1547
1673
1595
1554
1749
1510
1654
1455
1557
1512
1418
1518
1522
1638
1565
1558
1634
1648
1611
1585
1597
1600
1652
1515
1592
1685
1622
1639
1634
1619
1568
1573
1714
1548
1603
1630
1617
1589
1610
1630
1562
1622
1627
1608
1591
1639
1581
1581
1690
1596
1707
1772
1499
1654
1581
1549
1657
1676
1609
1644
1677
1710
1677
1685
1744
1701
1536
1614
1707
1739
1679
1664
1665
1689
1680
1575
1652
1617
1655
1674
1690
1665
1656
1517
1704
1758
1700
1691
1705
1662
1562
1655
1628
1711
1724
1729
1799
1631
1611
1676
1652
1723
1529
1629
1650
1600
1619
1609
1738
1577
1558
1687
1629
1546
1670
1716
1726
1682
1767
1562
1705
1726
1679
1647
1661
1707
1708
1717
1644
1747
1702
1719
1670
1652
1675
1621
1701
1616
1724
1674
1646
1737
1679
1650
1652
1622
1751
1708
1649
1614
1729
1670
1680
1699
1576
1756
1661
1663
1668
1802
1730
1663
1717
1629
1779
1624
1732
1602
1727
1787
1770
1551
1725
1644
1621
1654
1657
1653
1550
1776
1711
1764
1689
1713
1727
1681
1819
1720
1671
1743
1802
1689
1695
1768
1719
1764
1866
1772
1856
1639
1737
1656
1728
1842
1793
1785
1612
1691
1592
1643
1641
1842
1667
1641
1638
1684
1774
1717
1726
1788
1663
1670
1745
1705
1730
1780
1848
1726
1742
1752
1681
1759
1751
1794
1735
1704
1697
1713
1786
1758
1661
1687
1866
1724
1786
1742
1741
1685
1678
1836
1871
1876
1805
1786
1810
1708
1847
1800
1794
1809
1801
1675
1738
1672
1751
1744
1715
1614
1754
1662
1791
1828
1731
1727
1821
1929
1859
1740
1770
1705
1886
1828
1746
1772
1675
1919
1789
1751
1760
1713
1651
1777
1854
1889
1803
1862
1885
1825
1754
1841
1827
1755
1856
1701
1829
1782
1766
1756
1954
1743
1790
1704
1709
1843
1779
1970
1874
1889
1884
1858
1886
1850
1847
1835
1789
1733
1813
1808
1757
1793
1787
1785
1827
1877
1846
1837
1853
1766
1768
1767
1740
1959
1718
1830
1919
1780
1844
1795
1783
1790
1803
1764
1867
1873
1855
1855
1806
1864
1805
1810
1824
1909
1766
1792
1755
1663
1814
1735
1712
1809
1851
1734
1759
1865
1855
1930
1793
1912
1825
1892
1801
1827
1739
1889
1877
1915
1920
1884
1919
1785
1806
1964
1872
1828
1759
1873
1789
1872
1858
1864
1959
1842
1951
1841
1951
1806
1862
1857
1947
1936
1996
1975
1878
1873
1936
1922
1942
1905
1853
1879
1867
1839
1875
1863
1938
1916
1766
1925
1876
1911
1960
2031
1936
1866
1977
1969
1893
1894
1896
1820
1926
1772
1852
1922
1946
1855
2014
1867
1815
1922
1882
1847
1899
1889
1880
1864
1957
1894
1937
2004
1977
1904
1989
1972
1968
1813
1854
1828
1878
1948
1948
1914
1981
1903
1878
1893
1993
1895
2006
1933
2026
1945
1807
1847
1988
1953
1971
1949
1967
1977
1983
1987
2036
1963
1895
1886
1976
1954
1913
1953
2049
1918
1914
1979
1925
1956
1968
1957
1899
1860
1959
1942
1957
1949
1916
1952
1952
1923
1873
2045
1988
1965
1924
1870
1677
1928
1979
2008
1957
1960
2057
1969
2051
1876
1955
1897
1932
1953
2044
2027
1883
1939
1994
1962
2014
1887
1951
2014
1956
1979
2056
1869
1996
1970
1997
2083
1972
1973
1902
2005
1972
2021
1910
1915
1963
2013
2008
2029
1997
2051
1956
1972
2105
1997
2029
2016
2148
2078
2009
1960
2002
2122
1944
2087
1923
2125
2039
1995
1965
1915
2074
1935
1980
2121
1956
2082
2024
1983
2055
2031
1935
2043
2102
2013
1913
2088
2039
2026
2052
1983
2000
2006
2074
2034
2085
2097
2009
2052
2120
1987
2049
1956
1818
2100
2032
1907
1890
1935
2020
1951
2010
2074
2090
2101
2007
2119
2075
2078
2012
1926
2063
2006
2034
1973
1994
1893
1924
2075
1995
2111
2059
2002
2089
2171
2088
2041
2078
2098
1960
2021
2153
2080
1997
2023
2057
2011
2041
1999
2057
2163
2090
1897
2227
2015
2055
2015
2184
2071
1974
1987
2060
2074
2133
1974
2031
2004
2073
2159
2050
2119
2044
2191
2109
2236
2011
2054
2012
2102
1984
2091
2182
2020
2075
2150
2048
2087
2128
1985
2068
1983
2161
2102
2063
2119
1967
2116
2045
1948
2079
2027
2088
2163
2044
2020
2057
2062
1991
2125
2174
2168
2093
2078
2052
2032
2009
2073
1914
2067
2054
2172
2108
2029
2186
2134
2108
1996
2057
2091
2230
2087
2005
2097
2100
2176
2064
2134
2164
2035
2196
2097
2123
2058
2039
2128
2064
2170
2112
2194
2126
2111
2159
2081
2179
2125
2101
2163
2084
2057
2060
2147
2066
2066
2208
2074
2142
2109
2151
2143
2091
1891
2023
2200
2250
2177
2125
2128
2031
2087
2058
2139
2072
2150
2141
2150
2166
2260
2106
2149
2180
2104
2053
2163
2111
2106
2221
2126
2017
2109
2162
2237
2092
2116
2167
2140
2138
2152
2259
2183
2132
2320
2195
2244
2266
2151
2159
2251
2240
2250
2240
2120
2143
2156
2108
2257
2278
2208
2233
2223
2181
2117
2232
2196
2233
2155
2227
2148
2212
2192
2260
2296
2178
2260
2262
2267
2202
2192
2359
2160
2247
2246
2205
2241
2304
2206
2217
2285
2256
2259
2166
2141
2193
2287
2247
2186
2113
2233
2247
2216
2255
2256
2232
2214
2321
2203
2189
2274
2130
2179
2180
2155
2273
2188
2269
2201
2168
2180
2211
2130
2096
2143
2355
2325
2123
2217
2148
2220
2238
2242
2200
2239
2188
2181
2222
2293
2232
2242
2175
2276
2179
2336
2309
2321
2376
2340
2293
2189
2273
2275
2190
2250
2318
2419
2284
2288
2109
2231
2459
2285
2271
2288
2200
2251
2257
2193
2238
2336
2266
2260
2287
2360
2269
2261
2253
2255
2226
2323
2309
2253
2328
2347
2220
2395
2297
2360
2396
2196
2352
2314
2385
2281
2365
2230
2261
2332
2312
2367
2309
2373
2460
2411
2379
2366
2324
2275
2396
2429
2327
2355
2358
2428
2357
2408
2395
2411
2368
2280
2304
2465
2385
2369
2394
2464
2389
2405
2287
2359
2398
2286
2234
2420
2342
2422
2308
2410
2312
2432
2404
2404
2337
2363
2464
2367
2352
2383
2427
2458
2264
2331
2255
2309
2340
2320
2418
2422
2234
2396
2384
2380
2395
2438
2449
2439
2420
2438
2358
2382
2413
2370
2431
2412
2380
2289
2345
2455
2456
2414
2397
2452
2286
2377
2301
2430
2471
2415
2533
2409
2509
2534
2398
2339
2579
2444
2535
2479
2481
2384
2297
2520
2471
2423
2294
2433
2548
2479
2475
2466
2383
2455
2464
2489
2557
2440
2373
2498
2464
2493
2541
2595
2546
2507
2462
2450
2539
2514
2311
2538
2589
2529
2509
2592
2581
2673
2536
2682
2564
2534
2445
2575
2539
2544
2525
2514
2473
2430
2566
2516
2603
2623
2632
2453
2669
2456
2591
2625
2464
2579
2540
2607
2560
2466
2540
2572
2511
2570
2553
2583
2623
2479
2581
2429
2519
2580
2708
2601
2539
2487
2588
2555
2560
2472
2518
2465
2524
2541
2618
2569
2612
2603
2533
2448
2410
2557
2490
2503
2464
2485
2587
2453
2527
2474
2406
2548
2585
2568
2399
2539
2533
2701
2559
2545
2487
2526
2617
2492
2612
2465
2460
2552
2501
2554
2417
2578
2454
2561
2541
2609
2489
2479
2463
2601
2503
2697
2593
2596
2746
2560
2644
2720
2600
2577
2623
2573
2671
2636
2596
2651
2447
2721
2741
2584
2722
2627
2592
2731
2739
2691
2700
2687
2623
2671
2700
2774
2827
2693
2752
2604
2790
2794
2780
2807
2746
2848
2829
2785
2747
2821
2614
2793
2769
2815
2811
2767
2893
2843
2897
2855
2794
2809
2900
2808
2822
2891
2837
2703
2812
2808
2737
2728
2892
2803
2803
2839
2762
2898
2869
2767
2805
2827
2846
2879
2875
2849
2856
2813
2911
2832
2955
2717
2761
2885
2949
2867
2920
2947
2843
2824
2922
2974
2726
2788
2735
2594
2844
2726
2872
2693
2700
2714
2772
2841
2698
2857
2675
2754
2726
2872
2785
2915
2755
2886
2764
2916
2980
2771
2821
2618
2999
2797
2928
2844
2928
2874
2752
2894
2900
2939
2994
2872
3039
2945
2998
2978
2987
2967
2794
2921
2838
2896
3031
3000
3006
2913
3029
2966
3046
2951
3094
3032
2832
2953
2863
3021
2962
2950
2999
3045
2913
3062
3206
3119
3208
3105
3017
3278
3002
3076
3206
3043
3068
3174
3270
3197
3305
3222
3205
3198
3155
3155
3142
3203
3318
3369
3332
3357
3383
3360
3222
3208
3201
3073
3315
3295
3269
3354
3305
3243
3217
3200
3331
3206
3159
3252
3185
3121
3211
3267
3185
3284
3294
3156
3175
3337
3261
3313
3272
3366
3249
3335
3241
3268
3201
3291
3247
3315
3187
3126
3172
3139
3123
3026
3063
3059
3084
3065
3034
3217
2979
2971
3007
3136
3096
3232
3085
3092
3060
3022
3101
3178
2974
3201
3287
3162
3137
3254
3183
3172
3342
3262
3211
3342
3189
3274
3215
3510
3369
3463
3265
3325
3340
3254
3385
3310
3591
3538
3642
3583
3521
3486
3428
3429
3476
3361
3582
3477
3516
3527
3540
3752
3667
3610
3615
3672
3808
3862
3876
3965
4104
3994
4080
3970
4036
4206
4092
4303
4165
4190
4233
4234
4359
4369
4399
4447
4605
4423
4522
4488
4312
4476
4552
4389
4447
4487
4449
4553
4284
4274
4487
4278
4464
4247
4360
4443
4718
4395
4544
4627
4648
4478
4768
4490
4623
4551
4466
4540
4606
4568
4508
4645
4818
4555
4688
4634
4719
4713
4671
4908
4812
4777
4672
4447
4544
4579
4430
4389
4278
4237
4274
4271
4193
4154
4057
4166
4042
4198
4215
4188
4194
4156
4260
4451
4347
4379
4366
4582
4415
4570
4699
4505
4653
4730
4688
4780
4828
4929
4670
4660
4887
5036
5260
5268
5307
5602
5857
5834
5907
5970
6324
6332
6484
6815
6700
6959
7137
7091
7183
7366
7383
7357
7138
7289
7325
7567
7887
7959
8072
8252
8397
8749
9188
9229
9106
10406
10453
10789
11149
12104
12518
13590
14145
14530
14872
15357
15784
17021
17255
16106
15879
16406
16375
17472
18270
18262
18618
18584
18323
18720
17126
17371
17566
17838
17997
19848
20888
20788
21677
22033
23040
23283
24178
25362
25630
25136
27136
28861
29448
28552
29479
31770
31611
30876
32001
33478
32552
29458
30080
32200
34593
35661
35784
35994
36786
37070
36532
37181
36676
36027
35336
35940
36996
36420
35942
37241
38440
40010
39300
39076
39178
38933
39968
41669
42482
44645
47332
45469
44702
45858
45712
46592
48021
48073
48454
48970
48751
48438
48893
49449
48219
48388
49672
49304
49146
48338
48539
47280
46432
46394
45604
45738
44952
45548
43302
44224
44268
43782
43741
44121
43966
43610
45197
45242
46353
47028
46656
47465
47942
48573
49772
50455
50468
49338
49064
48237
47642
47546
48056
45842
45211
46556
43099
36676
36602
37972
37205
35666
36058
40084
36645
36568
35800
35766
34348
34024
34597
34257
34767
34676
34709
34772
34997
35634
34794
35504
35092
35904
35170
33221
31124
31375
30874
31148
31168
30842
29887
28480
27813
27304
25083
25032
23486
22098
21884
20693
19514
19133
18548
17552
17701
18087
17125
18125
17831
16877
17801
16615
16336
17448
17937
17765
16974
17138
17168
16472
16318
16093
15147
14746
14602
13757
13318
12581
11696
11226
10906
10522
9948
9502
9191
8389
8390
8100
7911
7752
7929
7712
7624
7661
7366
7238
7113
7076
6889
7058
7103
6862
6546
6456
6508
6573
6212
6047
5786
5537
5719
5562
5436
5119
5187
5031
4990
5002
4848
4758
4459
4547
4451
4545
4468
4384
4492
4509
4520
4278
4243
4306
4375
4293
4308
4148
4109
3982
4124
4120
4133
4028
4022
3965
4139
4142
4062
4362
4309
4231
4227
4343
4465
4361
4472
4449
4648
4481
4551
4651
4584
4613
4326
4596
4569
4540
4444
4762
4522
4557
4548
4614
4437
4633
4530
4460
4454
4458
4292
4357
4509
4622
4445
4458
4518
4405
4481
4397
4539
4397
4312
4341
4221
4129
4376
4488
4453
4367
4250
4292
4253
4572
4352
4539
4273
4311
4463
4339
4368
4363
4210
4221
4236
4206
4127
4062
3922
3807
3888
3712
3674
3777
3589
3681
3590
3558
3526
3408
3609
3358
3665
3575
3476
3484
3439
3447
3349
3509
3477
3468
3601
3377
3485
3527
3448
3368
3429
3349
3409
3426
3399
3224
3397
3281
3279
3265
3279
3201
3241
3111
3099
3043
3199
3076
3213
3164
3165
3193
3212
3163
3228
3112
3125
3173
3126
3140
3138
3141
3074
3109
3121
3157
3211
3108
3201
3128
3285
3385
3269
3238
3120
3271
3395
3198
3189
3336
3310
3303
3288
3191
3379
3391
3270
3317
3394
3287
3314
3487
3366
3353
3320
3345
3498
3350
3209
3262
3144
3288
3041
3120
3382
3402
3202
3279
3386
3299
3369
3352
3280
3271
3302
3274
3424
3296
3254
3245
3303
3223
3334
3218
3369
3345
3440
3348
3303
3373
3207
3408
3346
3348
3107
3162
3251
3250
3187
3155
3150
3223
3115
3067
3004
3128
3138
2939
3000
3071
3093
2889
3014
2940
3049
2974
2943
2763
2973
3029
2993
2918
3111
3027
3045
3020
3051
2995
3212
3147
2883
2929
2932
2844
2825
2853
2835
2927
2875
2899
2944
3077
2873
3008
2902
2941
2840
2927
2909
2997
2828
2819
2942
2746
2823
2855
2903
3017
2827
2904
2930
2973
2817
2831
2894
2886
2932
2932
2998
2936
2878
2871
2811
2892
2984
2973
2971
3133
3012
3063
2964
2953
2971
2990
2975
2921
3013
3081
2939
3076
2858
2996
2984
3078
2863
2883
3027
2929
3069
2933
2937
3029
2949
2946
2932
3028
2885
3104
2977
2904
2812
3098
2896
2925
2865
2917
2879
3001
3000
2962
2883
2952
2983
3063
2991
2851
2998
2981
2974
2811
2946
2918
2898
3015
2815
2949
2941
2980
2900
2813
2854
2817
2787
2852
2827
2897
2937
2975
2775
2739
2725
2750
2918
2797
2808
2885
2852
2792
2891
2954
2844
2892
2869
2818
2830
2883
2797
2902
2815
2819
2831
2740
2820
2839
2833
2807
2793
2893
2839
2745
2805
2708
2693
2732
2807
2680
2882
2776
2675
2773
2718
2759
2702
2743
2813
2954
2830
2741
2709
2827
2796
2809
2819
2913
2743
2832
2870
2759
2780
2761
2727
2740
2583
2716
2762
2909
2807
2721
2829
2680
2757
2851
2699
2744
2892
2746
2787
2710
2758
2834
2521
2654
2652
2827
2820
2731
2904
2912
2863
2767
2775
2761
2896
2659
2873
2718
2743
2821
2899
2753
2693
2821
2859
2828
2657
2821
2779
2734
2796
2743
2761
2759
2878
2935
2780
2951
2746
2721
2799
2680
2830
2695
2679
2753
2653
2724
2779
2710
2815
2815
2632
2684
2637
2607
2750
2740
2745
2779
2773
2780
2642
2705
2612
2806
2809
2747
2646
2806
2691
2739
2636
2625
2642
2639
2799
2657
2627
2699
2701
2622
2697
2718
2583
2596
2672
2572
2601
2708
2697
2569
2561
2722
2595
2829
2608
2711
2619
2649
2662
2657
2777
2551
2524
2657
2776
2504
2573
2568
2602
2642
2674
2583
2599
2521
2743
2774
2647
2813
2587
2782
2695
2584
2664
2601
2685
2842
2672
2590
2651
2668
2722
2666
2667
2616
2735
2607
2646
2713
2724
2706
2660
2675
2692
2630
2650
2632
2675
2615
2682
2625
2677
2653
2667
2670
2645
2671
2709
2693
2689
2611
2788
2738
2703
2539
2692
2722
2762
2617
2762
2822
2740
2804
2755
2679
2668
2760
2715
2566
2696
2639
2745
2753
2543
2647
2805
2606
2734
2745
2567
2663
2543
2673
2585
2696
2677
2657
2645
2661
2608
2583
2525
2598
2590
2620
2590
2544
2656
2582
2661
2634
2573
2520
2608
2613
2469
2632
2550
2680
2520
2579
2511
2566
2538
2556
2518
2581
2504
2561
2551
2599
2502
2486
2490
2669
2603
2436
2592
2544
2515
2550
2471
2551
2578
2475
2512
2580
2515
2610
2645
2619
2612
2533
2573
2569
2542
2394
2565
2562
2481
2423
2548
2534
2460
2520
2558
2631
2511
2533
2611
2473
2602
2523
2620
2661
2546
2588
2519
2545
2509
2479
2628
2577
2591
2552
2509
2614
2570
2686
2642
2573
2609
2607
2593
2518
2638
2491
2496
2538
2631
2506
2505
2564
2535
2488
2556
2635
2665
2653
2583
2659
2729
2645
2510
2598
2435
2538
2560
2549
2674
2554
2460
2544
2673
2462
2691
2515
2541
2421
2457
2589
2478
2446
2537
2467
2453
2654
2357
2397
2501
2453
2422
2458
2541
2549
2452
2553
2537
2382
2448
2520
2549
2382
2671
2497
2375
2460
2477
2439
2479
2487
2557
2548
2632
2420
2479
2557
2495
2450
2471
2516
2505
2565
2434
2472
2503
2495
2382
2431
2494
2472
2446
2474
2415
2324
2372
2331
2438
2508
2432
2590
2630
2501
2575
2439
2484
2510
2477
2376
2508
2479
2600
2522
2481
2545
2498
2493
2471
2522
2480
2477
2547
2491
2500
2310
2541
2434
2398
2484
2477
2385
2335
2497
2473
2455
2495
2490
2548
2598
2427
2511
2475
2516
2513
2543
2515
2462
2619
2432
2519
2403
2514
2514
2384
2470
2486
2590
2524
2472
2368
2484
2533
2418
2411
2312
2493
2263
2340
2424
2370
2436
2539
2412
2351
2493
2432
2399
2523
2428
2501
2357
2551
2525
2440
2412
2528
2542
2468
2505
2398
2380
2491
2346
2357
2381
2464
2500
2426
2505
2543
2459
2557
2464
2520
2367
2410
2360
2400
2381
2321
2295
2393
2418
2260
2351
2474
2533
2522
2418
2347
2371
2311
2357
2360
2470
2422
2512
2427
2377
2390
2378
2380
2299
2461
2292
2356
2386
2376
2520
2444
2370
2449
2422
2519
2378
2407
2369
2454
2379
2340
2344
2467
2312
2418
2416
2450
2479
2463
2501
2323
2568
2528
2446
2310
2383
2425
2364
2359
2351
2404
2402
2362
2392
2267
2348
2395
2395
2446
2306
2512
2430
2362
2368
2362
2349
2380
2436
2437
2374
2363
2300
2429
2415
2429
2435
2373
2472
2435
2417
2385
2358
2393
2449
2485
2429
2342
2400
2305
2313
2321
2368
2446
2300
2439
2421
2430
2323
2455
2406
2445
2400
2230
2420
2376
2425
2291
2449
2326
2346
2422
2437
2368
2390
2386
2440
2366
2391
2497
2422
2265
2474
2398
2245
2394
2333
2416
2396
2465
2459
2337
2238
2361
2447
2355
2414
2350
2367
2428
2386
2285
2314
2484
2400
2287
2286
2399
2440
2421
2170
2351
2337
2254
2347
2399
2364
2250
2303
2309
2347
2286
2285
2338
2286
2343
2262
2250
2281
2269
2340
2372
2306
2303
2463
2331
2440
2290
2332
2305
2272
2293
2310
2342
2363
2322
2345
2349
2345
2253
2251
2165
2269
2365
2256
2263
2362
2349
2380
2394
2244
2364
2297
2295
2244
2337
2465
2252
2348
2323
2296
2190
2254
2293
2368
2378
2473
2283
2350
2298
2376
2181
2309
2332
2345
2307
2364
2188
2280
2295
2335
2271
2347
2363
2425
2363
2454
2274
2395
2243
2455
2213
2277
2278
2345
2260
2418
2301
2271
2208
2456
2282
2318
2354
2306
2275
2329
2412
2376
2343
2256
2149
2299
2359
2280
2214
2265
2244
2298
2239
2313
2315
2286
2219
2242
2380
2200
2301
2269
2295
2196
2271
2243
2175
2248
2186
2235
2235
2293
2306
2427
2300
2362
2342
2375
2205
2249
2299
2270
2213
2329
2266
2354
2275
2255
2123
2284
2268
2276
2212
2327
2316
2198
2356
2191
2220
2178
2278
2253
2107
2346
2340
2281
2410
2208
2317
2299
2351
2352
2178
2308
2313
2199
2224
2309
2178
2320
2287
2242
2236
2148
2210
2307
2298
2308
2183
2281
2374
2280
2221
2225
2278
2225
2398
2222
2294
2232
2151
2236
2192
2286
2265
2158
2270
2134
2249
2296
2071
2292
2219
2065
2216
2297
2132
2198
2256
2314
2173
2153
2299
2185
2209
2111
2235
2257
2165
2203
2240
2259
2200
2253
2317
2295
2270
2160
2241
2184
2116
2146
2280
2231
2185
2202
2136
2249
2272
2168
2184
2223
2207
2299
2172
2185
2286
2091
2232
2211
2146
2185
2119
2143
2191
2193
2212
2147
2095
2203
2111
2221
2162
2115
2092
2205
2244
2145
2199
2149
2129
2140
2186
2164
2235
2230
2317
2170
2187
2206
2239
2283
2142
2139
2148
2030
2231
2219
2113
2061
2114
2280
2163
2166
2103
2178
2229
2170
2186
2206
2146
2293
2256
2266
2139
2277
2199
2127
2179
2101
2094
2177
2075
2065
2121
2144
2189
2171
2070
2233
2085
2325
2227
2121
2279
2146
2056
2272
2196
2150
2190
2225
2212
2222
2167
2173
2116
2192
2142
2129
2167
2115
2122
2117
2064
2109
2172
2073
1993
2097
2265
2185
2143
2128
2147
2174
2127
2224
2066
2113
2135
2007
2103
2160
2238
2132
2133
2218
2161
2184
2243
2173
2073
2167
2199
2214
2138
2164
2134
2057
2178
2069
2169
2073
2152
2141
2180
2065
2114
2098
2227
2180
2184
2202
2197
2022
2188
2106
2083
2032
2055
2166
2211
2233
2117
2071
2166
2118
2118
2027
2071
2108
2129
