1386
1332
1376
1392
1344
1397
1280
1338
1402
1538
1386
1377
1368
1383
1367
1423
1342
1409
1376
1414
1287
1367
1463
1373
1430
1378
1361
1425
1403
1436
1435
1324
1367
1513
1485
1473
1372
1284
1429
1361
1434
1312
1407
1372
1410
1365
1430
1495
1448
1446
1467
1425
1460
1480
1389
1336
1342
1420
1343
1374
1369
1527
1346
1484
1463
1504
1456
1465
1438
1424
1491
1265
1376
1385
1361
1477
1376
1351
1460
1440
1367
1493
1480
1431
1424
1539
1374
1480
1558
1492
1327
1485
1427
1395
1503
1443
1430
1503
1421
1439
1490
1393
1519
1443
1406
1597
1459
1562
1454
1542
1453
1374
1397
1544
1403
1399
1293
1479
1357
1496
1506
1424
1437
1480
1464
1475
1524
1535
1451
1468
1379
1396
1370
1409
1522
1492
1457
1371
1394
1547
1465
1359
1465
1448
1439
1518
1523
1421
1460
1518
1512
1378
1429
1498
1432
1480
1340
1336
1555
1429
1506
1488
1451
1499
1483
1563
1386
1389
1415
1474
1485
1423
1426
1541
1427
1581
1513
1507
1423
1419
1463
1410
1559
1424
1414
1569
1439
1515
1506
1453
1480
1546
1509
1474
1484
1481
1428
1566
1574
1455
1366
1444
1430
1500
1435
1524
1515
1511
1537
1492
1487
1471
1466
1521
1534
1517
1428
1579
1430
1522
1429
1492
1463
1450
1574
1511
1587
1560
1485
1480
1593
1536
1562
1506
1542
1537
1559
1527
1506
1555
1392
1516
1498
1539
1498
1471
1530
1565
1512
1565
1519
1516
1554
1527
1621
1505
1586
1484
1422
1501
1460
1491
1569
1541
1523
1560
1605
1454
1488
1515
1548
1586
1500
1510
1536
1450
1550
1462
1530
1532
1493
1546
1568
1633
1487
1532
1540
1580
1540
1527
1535
1551
1450
1485
1458
1594
1446
1514
1468
1470
1467
1407
1492
1534
1468
1537
1682
1594
1580
1514
1579
1568
1523
1475
1505
1578
1513
1477
1525
1574
1649
1583
1514
1588
1525
1621
1621
1547
1506
1627
1608
1546
1504
1626
1565
1571
1448
1566
1525
1533
1405
1560
1614
1501
1638
1543
1574
1467
1620
1662
1592
1467
1526
1540
1613
1578
1630
1519
1650
1613
1627
1535
1550
1579
1552
1585
1583
1507
1615
1529
1609
1610
1574
1529
1633
1498
1570
1651
1589
1576
1575
1547
1579
1445
1628
1528
1587
1625
1620
1682
1541
1698
1621
1669
1552
1551
1551
1591
1582
1501
1559
1582
1617
1563
1603
1607
1616
1639
1770
1616
1686
1621
1721
1579
1563
1642
1592
1601
1624
1558
1618
1654
1602
1651
1638
1478
1608
1573
1542
1614
1607
1519
1620
1612
1536
1623
1573
1697
1569
1611
1594
1701
1582
1574
1559
1656
1661
1719
1569
1634
1674
1559
1604
1560
1691
1504
1586
1603
1590
1550
1651
1563
1575
1573
1601
1607
1708
1592
1667
1686
1619
1581
1680
1701
1628
1583
1691
1620
1631
1593
1729
1604
1524
1701
1655
1608
1694
1732
1666
1689
1679
1702
1733
1628
1468
1646
1706
1622
1536
1726
1651
1685
1653
1742
1718
1746
1598
1640
1687
1549
1601
1681
1687
1563
1722
1612
1644
1621
1726
1557
1672
1731
1708
1623
1716
1676
1708
1680
1467
1659
1628
1641
1652
1552
1643
1633
1714
1622
1656
1619
1702
1677
1751
1711
1667
1695
1686
1708
1655
1608
1785
1695
1686
1605
1640
1606
1695
1727
1615
1549
1694
1670
1631
1676
1650
1795
1767
1680
1676
1628
1740
1636
1719
1641
1587
1663
1729
1703
1699
1687
1653
1630
1654
1662
1756
1699
1720
1697
1573
1647
1595
1752
1772
1695
1736
1679
1725
1733
1637
1666
1706
1711
1576
1653
1851
1701
1718
1698
1698
1732
1674
1735
1726
1800
1707
1744
1680
1729
1732
1712
1674
1735
1777
1674
1747
1773
1664
1772
1669
1700
1670
1727
1707
1618
1770
1815
1782
1828
1788
1670
1645
1697
1770
1651
1689
1800
1755
1743
1772
1660
1765
1724
1745
1867
1769
1735
1808
1670
1680
1680
1745
1765
1739
1669
1769
1673
1725
1865
1681
1685
1820
1665
1644
1741
1730
1737
1706
1732
1685
1801
1794
1741
1634
1712
1730
1782
1778
1665
1674
1793
1816
1713
1747
1686
1742
1782
1734
1817
1768
1756
1679
1785
1731
1785
1718
1776
1716
1801
1744
1738
1766
1773
1785
1819
1808
1748
1802
1778
1782
1754
1574
1723
1691
1677
1746
1739
1748
1734
1660
1768
1933
1766
1843
1751
1742
1808
1828
1721
1751
1813
1787
1720
1778
1714
1795
1774
1796
1895
1713
1783
1870
1808
1863
1846
1781
1804
1740
1825
1837
1740
1724
1772
1808
1782
1719
1851
1883
1809
1801
1769
1906
1926
1863
1820
1876
1699
1731
1871
1852
1903
1818
1747
1822
1679
1853
1834
1723
1765
1776
1771
1791
1779
1779
1715
1913
1806
1774
1829
1744
1798
1782
1924
1756
1893
1820
1884
1843
1798
1805
1780
1761
1911
1868
1866
1806
1828
1775
1747
1831
1805
1842
1675
1829
1821
1743
1821
1768
1865
1851
1851
1849
1828
1753
1810
1866
1842
1822
1924
1687
1824
1736
1881
1802
1884
1839
1790
1759
1816
1861
1768
1729
1890
1803
1906
1927
1824
1931
1820
1784
1879
1742
1807
1788
1836
1767
1867
1815
1982
1930
1843
1898
1789
1855
1856
1837
1881
1815
1900
1879
1767
1789
1925
1814
1922
1883
1893
1903
1890
1921
1839
1958
1979
1858
1820
1890
1847
1696
1862
1924
1938
1990
1840
1904
1868
1820
1927
1889
1879
1891
1829
1885
1784
2004
1693
1878
1952
1837
1824
1831
1914
2010
1936
1932
1825
1923
1866
1940
1925
1917
1919
1951
1852
1771
1891
1894
1839
1881
1862
1888
1918
1908
1828
1895
1883
1931
1938
1823
1852
1774
1962
1875
1855
1853
1911
1782
1906
1795
1949
1922
1899
1797
1927
1847
1725
1899
1953
1889
1907
1821
1947
1949
1858
1889
1810
1889
1982
1874
1733
1899
1818
1830
1873
1892
1856
1895
1942
1830
1839
1894
1891
1787
1895
1932
1844
1880
1813
1909
1821
1941
1902
1902
2028
1918
1885
1930
1999
1853
1881
1788
1917
1912
1894
1892
2026
1913
1976
1940
1957
1996
1911
2050
2196
1902
1917
1953
1912
1934
1930
1917
1991
2019
1965
1921
1975
1919
1934
2025
1980
1912
1948
1963
1971
2032
2088
2013
1974
2005
2016
1949
1974
1986
1851
1967
1985
2017
2005
2117
1996
1954
1948
1976
1942
2013
1951
2020
1961
1960
1924
1937
1850
1924
1996
2024
1920
1861
1919
2004
2041
1950
1940
1957
1919
2065
1991
1939
1964
1986
1909
1933
1894
1917
2095
1872
1996
1990
2007
1941
1984
2054
2061
2009
2086
1999
1918
1993
2034
2069
1947
2041
1952
1992
2007
2070
1952
1950
2051
2043
2041
2021
2077
1895
1865
1953
1892
1949
2017
1996
1990
2008
1972
2019
2083
1953
1996
1988
1983
2067
1982
1931
2116
1998
2029
2090
2115
1947
2178
1960
2060
2032
2093
2134
2098
2169
2112
2157
2061
2011
2077
2106
2057
1995
2103
2112
2219
2142
1983
2162
1937
2021
2190
1982
2096
2046
1909
2007
2124
2152
1967
2224
2135
2260
1948
2107
2078
2235
2122
2108
2098
2109
1989
2146
2047
2130
2069
2148
2048
2117
2104
2048
2178
2049
2133
2112
2130
2127
2019
2121
2116
2168
2046
1951
2102
2136
2142
2128
2138
2091
1995
2145
2123
2146
2082
2103
2096
2026
1928
2061
2052
2160
2114
2045
2176
2121
2193
2067
2094
2163
2041
2207
2108
2043
2134
2198
2165
2115
1997
2164
2136
2102
2089
2106
2108
2050
2078
2132
2089
2100
2111
2048
2151
2118
2037
2157
2068
2072
2196
2150
2074
2080
2105
2096
2215
2222
2155
2227
2083
2193
2258
2215
2163
2082
2209
2246
2244
2188
2156
2326
2355
2257
2152
2185
2345
2237
2281
2273
2277
2178
2197
2227
2272
2229
2263
2298
2237
2257
2167
2270
2183
2319
2154
2141
2208
2185
2130
2218
2241
2192
2225
2308
2172
2367
2267
2274
2199
2341
2388
2311
2264
2355
2134
2274
2146
2179
2313
2358
2260
2169
2208
2218
2175
2306
2240
2330
2239
2268
2157
2275
2229
2236
2198
2158
2230
2273
2195
2332
2188
2132
2254
2332
2222
2147
2213
2261
2202
2198
2277
2225
2255
2143
2232
2358
2255
2259
2164
2266
2209
2250
2223
2276
2201
2273
2107
2198
2131
2095
2193
2241
2281
2245
2236
2218
2176
2242
2273
2362
2176
2237
2282
2207
2185
2349
2234
2263
2216
2198
2226
2248
2333
2203
2335
2259
2341
2351
2282
2321
2312
2356
2301
2347
2347
2296
2370
2321
2190
2450
2483
2382
2357
2444
2382
2351
2436
2367
2372
2364
2448
2372
2359
2458
2436
2388
2346
2412
2420
2349
2283
2462
2391
2540
2365
2475
2412
2573
2339
2466
2548
2495
2476
2451
2527
2476
2568
2499
2533
2524
2683
2500
2478
2588
2515
2604
2492
2537
2595
2547
2466
2427
2393
2426
2490
2376
2379
2265
2360
2445
2502
2442
2445
2466
2403
2345
2601
2448
2500
2400
2498
2522
2312
2465
2489
2423
2389
2548
2481
2374
2457
2425
2425
2274
2365
2398
2452
2424
2438
2416
2365
2395
2331
2412
2508
2440
2361
2520
2492
2452
2519
2398
2434
2461
2502
2430
2428
2476
2427
2493
2487
2448
2526
2474
2425
2441
2579
2393
2461
2426
2577
2509
2540
2530
2455
2402
2597
2523
2649
2602
2516
2722
2695
2732
2730
2684
2789
2701
2838
2719
2700
2729
2826
2770
2812
2868
2698
2851
2609
2779
2776
2775
2564
2628
2566
2583
2648
2652
2732
2745
2746
2599
2712
2721
2672
2764
2869
2844
2865
2808
2942
2971
3092
2885
2986
3071
3088
2954
3136
3031
3143
3071
3035
3143
3017
2877
2983
2914
2914
3054
2813
2778
2723
2793
2662
2719
2798
2780
2681
2623
2761
2668
2576
2825
2850
2715
2791
2677
2784
2602
2802
2656
2751
2877
2783
2882
2834
2749
2720
2707
2800
2842
2777
2775
2699
2733
2676
2779
2772
2873
2603
2596
2639
2731
2716
2625
2630
2711
2540
2559
2635
2674
2700
2631
2686
2628
2653
2561
2643
2683
2578
2702
2668
2716
2730
2733
2695
2730
2824
2749
2755
2744
2966
2743
2879
2912
2917
3042
2950
3164
3220
3126
3280
3324
3263
3413
3366
3394
3588
3529
3466
3620
3599
3710
3747
3713
3547
3474
3568
3544
3460
3372
3536
3457
3362
3356
3421
3406
3535
3501
3425
3407
3696
3689
3820
3684
3986
3904
4146
4197
4173
4274
4166
4335
4121
4344
4298
4442
4423
4607
4626
4665
4502
4393
4372
4342
4234
4226
4123
4149
4024
3887
3990
3740
3700
3760
3753
3658
3510
3659
3550
3490
3487
3745
3692
3584
3774
3752
3845
3848
3786
3890
3900
3972
3883
3937
3973
3818
3683
3927
3812
3830
3897
3849
3679
3605
3681
3759
3717
3736
3669
3589
3529
3454
3589
3494
3550
3610
3366
3466
3415
3627
3519
3517
3433
3605
3645
3638
3652
3699
3772
3657
3896
3844
3969
4069
4133
4188
4482
4564
4647
4931
5206
5369
5650
5884
5798
6261
6479
6647
6943
7697
7747
8215
8413
8875
9157
9600
9333
9972
10042
9878
10104
10644
10182
10340
10507
10700
10819
10485
10518
10488
10772
10703
10519
10600
10470
11209
11929
12613
13002
14090
15036
16237
15829
16222
17212
18299
19294
21972
23040
23770
25096
25834
26504
26786
27594
28344
27709
27131
27276
27632
27220
25898
25642
26374
25065
23783
23661
24362
23139
20212
20033
21372
22020
23226
24003
26029
28520
29660
30437
32411
33992
36956
38982
40802
42607
44436
45988
48027
48898
50151
49746
48603
47188
46253
45980
45274
44134
44231
44506
40810
38360
38082
36181
34418
33972
33493
33270
33072
33124
32800
34206
35693
36233
38264
40963
42861
45865
46600
50058
51178
53062
54377
56106
58106
58037
59573
57294
58906
57243
56294
54279
52715
49752
48024
46225
43828
41764
39772
37860
35604
34980
33675
33206
32966
32928
31946
32584
33592
34182
35300
37195
37516
39801
42939
43801
39168
40525
43754
44480
44144
46304
51966
48651
47114
46578
44808
42112
40951
39400
37193
35043
32716
31766
29045
27546
26104
24630
24065
22547
22025
21411
20483
19290
19818
20220
21014
22508
23178
24284
24580
25144
26176
25322
27378
26791
25556
25577
25018
24893
24571
24033
21816
21164
20778
19539
19480
18734
16590
16208
14537
12974
12882
12279
11591
10570
10430
10094
9812
9673
9477
9481
9377
9476
9146
9511
9572
9695
9518
9734
9474
9374
9242
9467
9122
8867
8610
8336
8144
7888
7605
7169
7070
6935
6512
6348
5991
5638
5425
5063
4904
4661
4655
4423
4285
4087
3901
3742
3766
3770
3821
3547
3631
3345
3541
3438
3402
3414
3413
3417
3444
3524
3386
3514
3422
3467
3411
3409
3597
3550
3574
3614
3522
3578
3599
3594
3729
3684
3819
3702
3782
3940
3778
3985
3948
3893
3737
4079
3953
3969
3931
4051
4074
4013
4064
3950
3941
3805
3794
4005
3687
3517
3819
3833
3564
3687
3743
3653
3798
3732
3944
3918
3708
3989
4009
3949
4148
4093
4182
4286
4381
4472
4480
4515
4544
4643
4661
4561
4533
4370
4429
4224
4147
4313
4192
4123
3876
3828
3783
3712
3698
3586
3432
3456
3470
3316
3411
3284
3439
3569
3306
3387
3293
3439
3467
3417
3478
3437
3534
3424
3624
3517
3487
3411
3395
3302
3217
3372
3451
3511
3337
3278
3179
3139
3041
2925
2888
2915
2901
2941
2784
2686
2717
2528
2817
2884
2755
2645
2606
2643
2705
2729
2701
2605
2729
2592
2583
2717
2678
2604
2646
2662
2703
2757
2700
2620
2526
2588
2709
2672
2618
2639
2689
2733
2676
2827
2809
2813
2791
2727
2775
2853
2831
2813
2837
2790
3006
2957
2791
2866
2865
2893
2930
2820
2706
2897
2885
2827
2797
2671
2799
2775
2798
2850
2739
2858
2791
2717
2847
2786
2744
2822
3026
2837
2794
2856
3050
2879
2922
3165
3191
3000
3147
3087
3129
3103
3315
3072
3039
3157
3190
2989
3040
3066
3007
2994
2906
2872
2819
2590
2800
2721
2940
2708
2487
2564
2614
2791
2762
2735
2800
2721
2777
2788
2716
2749
2872
2831
2955
2759
2731
2884
2939
2743
2782
2697
2559
2870
2569
2532
2574
2582
2436
2594
2618
2602
2461
2539
2621
2619
2591
2451
2575
2399
2512
2436
2475
2423
2470
2346
2405
2434
2461
2399
2490
2459
2554
2431
2306
2347
2431
2494
2314
2422
2406
2277
2360
2349
2364
2422
2326
2493
2459
2677
2462
2423
2667
2456
2469
2603
2384
2420
2534
2537
2511
2448
2514
2441
2515
2547
2539
2536
2525
2638
2577
2590
2527
2401
2583
2372
2527
2439
2393
2480
2433
2486
2346
2596
2533
2473
2544
2655
2696
2742
2495
2675
2560
2638
2634
2720
2646
2691
2552
2575
2672
2572
2590
2646
2611
2627
2636
2697
2571
2561
2613
2538
2524
2463
2408
2479
2389
2390
2365
2462
2361
2435
2611
2543
2560
2469
2504
2488
2551
2476
2562
2581
2385
2513
2531
2512
2535
2535
2432
2514
2496
2417
2480
2477
2354
2386
2449
2519
2512
2364
2457
2239
2535
2324
2398
2358
2392
2322
2341
2288
2311
2376
2383
2423
2417
2218
2329
2359
2399
2357
2373
2326
2305
2352
2365
2309
2352
2314
2367
2363
2270
2326
2340
2406
2320
2321
2380
2326
2257
2386
2318
2335
2442
2349
2407
2365
2517
2397
2363
2326
2306
2388
2262
2300
2486
2293
2410
2496
2422
2425
2423
2461
2302
2256
2386
2264
2276
2307
2304
2386
2536
2106
2452
2413
2450
2518
2340
2572
2414
2447
2569
2415
2450
2537
2458
2486
2452
2342
2417
2467
2350
2438
2482
2535
2541
2472
2540
2419
2486
2483
2346
2390
2372
2415
2418
2370
2315
2293
2310
2388
2379
2362
2332
2275
2267
2378
2455
2358
2351
2287
2459
2365
2416
2572
2295
2373
2395
2308
2286
2441
2398
2334
2308
2411
2331
2308
2297
2423
2189
2264
2342
2378
2300
2315
2419
2283
2193
2274
2265
2275
2177
2287
2179
2129
2189
2187
2265
2210
2224
2322
2339
2224
2347
2301
2174
2266
2149
2256
2219
2287
2155
2235
2347
2248
2232
2141
2312
2289
2283
2277
2186
2213
2295
2384
2276
2276
2247
2276
2324
2311
2211
2407
2245
2327
2232
2311
2352
2458
2381
2270
2259
2399
2352
2294
2242
2205
2235
2298
2310
2312
2427
2295
2389
2273
2360
2182
2339
2286
2472
2310
2339
2371
2278
2407
2402
2344
2369
2324
2208
2447
2280
2384
2353
2250
2286
2294
2201
2417
2274
2333
2210
2279
2328
2220
2216
2213
2276
2285
2271
2349
2270
2363
2386
2288
2323
2251
2197
2276
2247
2266
2267
2353
2343
2252
2329
2293
2385
2284
2251
2182
2276
2145
2183
2203
2341
2166
2348
2300
2097
2315
2221
2042
2153
2225
2190
2175
2131
2240
2325
2215
2230
2287
2246
2206
2145
2185
2286
2130
2321
2328
2209
2247
2249
2253
2207
2267
2255
2277
2229
2193
2122
2170
2249
2231
2167
2213
2299
2173
2165
2341
2232
2130
2161
2073
2277
2028
2200
2141
2079
2198
2181
2151
2259
2292
2297
2205
2137
2206
2165
2043
2159
2187
2173
2149
2224
2218
2293
2133
2214
2196
2135
2267
2174
2204
2154
2086
2296
2278
2154
2314
2264
2279
2118
2169
2248
2220
2374
2198
2204
2217
2238
2224
2151
2127
2145
2204
2263
2168
2132
2207
2079
2246
2256
2353
2262
2187
2200
2246
2194
2144
2301
2272
2069
2221
2069
2123
2106
2216
2105
2186
2162
2210
2070
2135
2319
2138
2131
2251
2134
2179
2171
2090
2145
2187
2228
2112
2119
2073
2169
2074
2155
2130
2166
2205
2241
2058
2221
2172
2170
2208
2184
2198
2221
2190
2172
2074
2231
2059
2158
2223
2142
2210
2149
2109
2153
2019
2111
2180
2188
2159
2050
2198
2138
2236
2167
2152
2039
2097
2182
2161
2090
2034
2061
2149
2107
2064
2094
2045
2088
2105
2026
2100
2154
2061
2013
2100
2079
2088
2109
2125
2126
2182
2281
2256
2165
2250
2214
2032
2123
2129
2170
2167
2146
2144
2183
2135
2090
2080
2159
2281
2236
2148
2209
2033
2039
2061
1976
2198
2197
2101
2099
2175
1994
2133
2170
2101
2178
2115
2217
2091
2053
2149
2194
2198
2125
2135
2173
2111
2135
2038
2048
2173
2037
2083
2116
2074
2132
2073
2135
2107
2047
2209
2176
2083
2155
2041
2106
2090
2016
1939
2139
2047
1964
2182
2074
2144
2089
2128
2157
2158
1985
2022
2100
2167
2055
2065
2020
2006
2055
2076
2094
2175
2085
2018
2165
2070
2056
2034
2100
2050
2057
2097
2013
2020
2061
2094
2115
2025
2085
2035
1989
2015
1970
2111
1978
2029
2069
2061
2081
1962
2027
1972
2097
2158
2039
2123
2041
2064
1982
1969
2103
2038
2059
2042
2115
2091
1954
2062
2101
2098
2065
1981
2027
1978
2017
2073
2011
2010
2026
2094
2037
2031
2069
2050
2153
2095
1975
2054
1998
2178
2068
2065
2197
2010
2073
2199
2039
2137
2064
2013
2049
2105
2106
2005
2094
2074
2071
2122
2053
2147
2042
2081
2067
2101
2063
2011
1978
2092
2050
2091
2065
2067
2129
2008
1925
2112
2118
2074
2000
2094
2000
1965
1976
2133
1948
2119
2089
1952
2058
2009
2062
2045
2043
2124
1952
2128
1978
2034
2052
2079
2201
1932
2047
2034
2036
2066
2053
2038
2183
1974
2031
1883
2011
1952
2054
1890
1966
1929
2026
2020
1968
2021
1998
1809
1997
2087
2142
1990
2000
2046
1950
2021
2044
2021
1950
2135
2059
2018
1960
2009
2118
1978
1999
2046
2024
1929
2014
2039
1960
2044
1971
2086
1973
2082
1927
1892
2020
1973
1955
1974
1837
2059
1967
1944
2074
2063
2022
2069
2086
2021
2036
2036
1925
2014
2068
1967
1988
1879
1914
1966
2004
2026
2000
1946
1958
2080
2037
1972
2002
2011
2099
1996
1968
1951
1928
1969
1987
2127
2001
2069
2044
1972
2038
2090
2078
1929
2029
2008
2002
2083
1959
2005
1911
1932
2004
2001
1982
1988
1979
1977
2010
2045
1888
1943
1961
1935
1957
1971
2001
2044
1920
1955
1922
1948
1973
1857
2022
1937
2051
1949
2062
2002
2103
1962
1996
2009
1935
1912
1925
1965
1962
1945
1987
1914
1882
2079
2013
1979
2021
1977
1980
2058
2021
1930
1926
1966
1786
1979
1977
1839
2015
1915
1829
1985
1933
1978
2084
2074
2002
1900
2056
1965
1983
2034
2032
1935
1888
1970
1981
2025
1910
1816
1869
2027
1937
1992
1907
1936
2009
1999
2036
1956
2031
1901
1859
1954
2040
1858
1947
1979
2010
1931
1976
1982
1914
1984
1938
1934
1952
1953
1909
1941
1940
1918
2025
2047
1858
1851
1929
1934
2009
1773
1980
1876
1906
1946
1888
2014
1994
2000
1949
2031
2060
1814
1955
1832
1918
1862
1903
1932
1860
2025
1772
1948
1960
1902
2057
1908
2007
1952
1903
1867
1965
1971
1909
1838
1830
1929
1805
1832
2034
1983
2021
1802
1951
1964
1952
1962
1978
1894
1824
1871
1813
1859
1977
1918
1943
1995
1888
1943
1849
2058
1900
1855
1950
1933
1942
1861
1891
1841
1850
1877
1805
1900
1824
1932
1768
1892
1915
1824
1971
1890
1966
1990
1930
1945
1837
1979
1859
1854
1926
1970
1885
1744
1851
1967
1831
1929
1979
1864
1789
1961
1834
1829
1958
1789
1959
1807
1902
1858
1813
1843
1848
1789
1838
1935
1970
2023
1877
1929
2053
1877
1925
1893
1961
1764
1851
1788
1794
1809
1902
1875
1899
1778
1883
1940
1805
1955
1875
1978
1949
1917
1846
1858
1785
1891
1937
1853
1787
1871
1877
1982
1926
1912
1786
1849
1862
1840
1776
1820
1867
1896
1952
1936
1963
1891
1901
1737
1869
1827
1824
1794
1968
1746
1861
1884
1890
1901
1774
1909
1894
1931
1896
1903
1964
1774
1845
1931
1803
1827
1812
1821
1840
1838
1903
1804
1811
1919
1785
1773
1882
1879
1875
1773
1811
1858
1951
1849
1913
1867
1775
1840
1887
1908
1910
1783
1776
1693
1935
1773
1866
1802
1740
1884
1880
1732
1718
1933
