1471
1477
1595
1542
1584
1535
1527
1422
1530
1570
1620
1668
1497
1581
1533
1556
1550
1525
1513
1581
1523
1431
1586
1577
1553
1477
1624
1678
1498
1541
1616
1611
1574
1518
1587
1582
1518
1720
1545
1645
1558
1593
1553
1587
1579
1588
1466
1637
1514
1485
1580
1569
1622
1590
1493
1595
1592
1539
1534
1546
1559
1570
1575
1579
1465
1605
1677
1568
1570
1616
1641
1561
1703
1607
1638
1559
1539
1616
1607
1579
1495
1544
1506
1642
1588
1672
1640
1565
1587
1598
1522
1621
1615
1589
1594
1621
1644
1660
1641
1565
1516
1587
1563
1606
1606
1629
1633
1627
1693
1660
1600
1583
1671
1632
1611
1709
1607
1611
1611
1582
1577
1618
1549
1676
1559
1686
1615
1620
1633
1722
1646
1665
1490
1754
1692
1659
1643
1674
1716
1611
1640
1591
1562
1666
1658
1662
1605
1588
1620
1656
1632
1650
1639
1631
1650
1673
1710
1702
1571
1523
1693
1506
1623
1722
1658
1644
1668
1650
1616
1697
1701
1672
1648
1745
1583
1639
1638
1562
1613
1661
1615
1636
1610
1537
1670
1739
1635
1717
1638
1668
1780
1751
1698
1691
1731
1680
1601
1503
1624
1798
1612
1660
1654
1729
1623
1746
1607
1652
1631
1732
1633
1727
1691
1752
1617
1676
1685
1681
1630
1630
1728
1635
1696
1743
1630
1692
1720
1603
1611
1760
1783
1670
1695
1739
1704
1678
1664
1726
1609
1718
1760
1727
1701
1625
1779
1746
1782
1652
1731
1723
1718
1777
1812
1750
1850
1555
1662
1708
1654
1702
1803
1802
1633
1641
1731
1711
1742
1751
1800
1756
1654
1684
1647
1757
1660
1715
1810
1761
1785
1699
1735
1827
1746
1678
1748
1758
1713
1788
1837
1625
1734
1746
1764
1775
1679
1757
1762
1675
1799
1617
1753
1717
1841
1665
1805
1755
1821
1780
1790
1735
1689
1673
1704
1713
1738
1758
1789
1693
1716
1766
1723
1705
1751
1704
1720
1727
1751
1786
1793
1791
1896
1746
1839
1843
1700
1797
1856
1816
1852
1782
1671
1670
1741
1870
1689
1899
1832
1716
1717
1843
1815
1737
1790
1749
1738
1786
1793
1774
1795
1765
1734
1620
1841
1775
1720
1806
1791
1785
1854
1769
1837
1843
1828
1818
1855
1798
1764
1870
1759
1805
1751
1760
1787
1849
1837
1877
1850
1849
1862
1812
1785
1851
1869
1892
1838
1757
1776
1803
1933
1793
1819
1735
1800
1799
1883
1725
1866
1846
1796
1856
1871
1782
1933
1794
1886
1835
1844
1877
1846
1888
1828
1863
1927
1809
1944
1822
1949
1827
1872
1890
1825
1831
1815
1790
1901
1996
1842
1800
1753
1887
1860
1870
1931
1704
1814
1829
1860
1819
1786
1808
1767
1751
1813
1857
1926
1867
1800
1767
1824
1843
1830
1909
1819
1851
1882
1782
1853
1839
1906
1906
1909
1886
1741
1840
1836
1738
1894
1877
1888
1836
1835
1762
1780
1805
1867
1871
1784
1791
1974
1827
1886
1867
1827
1988
1931
1823
1913
1771
1837
1933
1859
1877
1914
1804
1892
1863
1880
1900
1881
1880
1845
1912
1926
1908
1950
1947
1906
1800
1984
1922
1889
1830
1816
1889
1874
1913
1921
1801
1803
1915
1864
1805
1895
1909
1906
1964
1912
1890
1897
1902
1908
1935
1875
1859
1897
1916
1903
1857
1937
1997
1876
1928
1860
1837
1918
1872
1898
2035
1922
1843
1897
1927
1898
1921
1989
2038
1946
1863
1927
1769
1967
1996
1896
1966
1848
1907
1931
1913
1973
1886
1841
1959
2017
2047
1929
1942
1896
1967
1886
1890
1904
1940
1994
1933
1833
1959
1992
1952
1988
1922
2034
1974
1923
2001
2035
1904
1951
1902
2003
1933
2008
2000
1892
2006
1983
2085
1997
1936
1996
1992
1949
2017
1963
2048
1950
1929
1972
2058
1940
1952
1830
2111
1974
1985
1974
1972
1968
1960
1968
2025
1895
1960
2051
1888
1987
1976
1963
1988
1989
1899
1995
1989
1939
2030
2037
1968
2021
1924
1910
2009
2058
2001
2003
2006
1980
2040
2060
1833
2005
2010
1956
2037
2079
2024
2000
1975
1946
2031
1906
1985
2001
2001
2105
2173
2040
2045
2140
1960
1916
2038
2037
1966
1981
2024
2060
2004
2012
2041
2081
1988
1981
2052
2047
2039
1939
2152
2141
2067
1931
2025
1965
2074
2071
1954
1957
2027
2131
1989
2128
2107
1906
2116
2040
2068
2075
2063
1985
2091
2028
2054
1995
1995
1932
1944
2012
2054
2012
1951
2092
2042
2232
2043
2089
2108
2045
2125
2159
2037
2012
2067
1984
2157
1994
1971
2086
2170
1999
2062
2079
1925
1976
2166
2061
2072
2102
1981
2048
2196
2102
2029
2018
2023
2002
2062
2036
2080
2007
2067
2092
2240
2037
2075
2130
2084
2078
2137
2060
2065
2164
2131
2127
2078
2100
2049
2151
2008
1988
2042
2113
2109
2084
2180
2136
2079
2101
2096
2153
2051
2155
2154
2180
2081
2132
2196
2062
2092
2031
2058
2131
2171
1991
2167
2139
2095
2158
2165
2164
2086
2198
2177
2039
2119
2176
2082
2107
2076
2265
2111
2117
2110
2026
2034
2127
2061
2181
1995
2092
2002
2100
2137
2084
2143
2221
2119
2120
2191
2174
2118
2131
2107
2116
2156
2030
2148
2148
2179
2127
2030
2069
2267
2164
2122
2181
2311
2160
2232
2170
2204
2080
2138
2175
2211
2182
2236
2232
2219
2082
2098
2105
2137
2145
2190
2177
2254
2152
2153
2177
2227
2149
2080
2122
2216
2186
2100
2231
2215
2200
2184
2169
2161
2134
2186
2146
2144
2155
2279
2154
2238
2218
2179
2294
2302
2162
2209
2141
2115
2120
2306
2218
2201
2160
2144
2162
2159
2186
2140
1997
2213
2253
2135
2190
2185
2191
2265
2130
2235
2094
2245
2205
2198
2134
2139
2172
2139
2125
2194
2234
2315
2278
2186
2231
2235
2275
2323
2238
2321
2146
2022
2161
2239
2213
2240
2295
2167
2228
2127
2188
2371
2238
2356
2181
2303
2166
2225
2208
2229
2235
2188
2245
2298
2130
2202
2268
2284
2242
2317
2255
2369
2295
2253
2357
2287
2189
2250
2128
2197
2141
2100
2236
2300
2231
2281
2170
2383
2379
2238
2259
2393
2241
2336
2233
2258
2270
2329
2248
2263
2262
2452
2363
2350
2329
2308
2378
2374
2308
2217
2321
2242
2377
2262
2265
2353
2225
2346
2284
2350
2267
2386
2293
2330
2455
2361
2228
2239
2349
2379
2213
2321
2434
2356
2266
2351
2330
2290
2376
2316
2304
2266
2266
2323
2414
2206
2400
2399
2256
2328
2320
2442
2368
2329
2341
2400
2363
2318
2358
2333
2406
2403
2239
2466
2402
2430
2357
2254
2347
2261
2362
2357
2321
2219
2359
2388
2419
2426
2395
2414
2300
2350
2358
2476
2273
2341
2244
2277
2397
2299
2341
2227
2485
2266
2263
2465
2340
2310
2348
2378
2388
2320
2372
2363
2456
2455
2412
2496
2286
2562
2395
2459
2417
2455
2478
2409
2442
2426
2404
2415
2325
2439
2368
2382
2324
2346
2541
2447
2547
2391
2377
2511
2553
2387
2460
2485
2511
2387
2499
2390
2382
2317
2469
2435
2347
2433
2488
2374
2493
2408
2346
2469
2508
2532
2411
2465
2595
2474
2473
2492
2528
2555
2526
2517
2387
2548
2537
2542
2543
2493
2605
2450
2433
2432
2554
2475
2498
2452
2553
2460
2544
2524
2530
2404
2411
2418
2553
2518
2419
2529
2461
2472
2511
2469
2538
2475
2490
2459
2459
2592
2450
2476
2545
2506
2558
2471
2566
2598
2437
2631
2615
2555
2524
2381
2681
2436
2543
2530
2408
2479
2559
2451
2505
2550
2339
2617
2418
2527
2542
2468
2445
2594
2503
2515
2528
2508
2491
2440
2506
2557
2602
2406
2456
2545
2490
2479
2621
2577
2652
2623
2708
2539
2680
2602
2771
2751
2682
2644
2599
2584
2503
2656
2641
2676
2588
2634
2610
2575
2645
2631
2715
2574
2581
2668
2654
2657
2636
2673
2647
2633
2695
2693
2507
2653
2661
2583
2589
2519
2506
2696
2732
2690
2698
2705
2764
2734
2692
2776
2698
2716
2795
2574
2699
2731
2735
2652
2559
2624
2710
2804
2762
2659
2679
2712
2645
2733
2671
2439
2675
2608
2689
2655
2582
2686
2527
2582
2531
2776
2661
2695
2605
2624
2650
2581
2678
2601
2604
2625
2594
2612
2729
2572
2752
2612
2629
2636
2699
2586
2709
2554
2655
2599
2536
2725
2627
2505
2635
2682
2606
2477
2732
2707
2596
2579
2693
2600
2664
2836
2620
2732
2781
2690
2590
2698
2678
2624
2703
2709
2719
2636
2812
2811
2725
2811
2762
2753
2877
2808
2730
2912
2865
2821
2860
2877
2882
2881
2716
2736
2863
2896
2881
2977
2826
2913
2782
2868
2851
2974
2961
2860
2892
2923
2959
2891
2937
2861
2909
2865
2943
2932
3074
2903
3028
3034
3036
2951
2972
3072
3092
3043
2983
3121
3008
2945
2929
3022
3069
3036
3047
3156
2932
3061
3075
3034
2968
3158
3003
3102
3112
3102
2989
3113
3047
3025
2918
3045
2964
3058
3122
2879
2864
2912
2958
3013
2923
2799
2994
2987
2911
2943
2996
2966
2890
2995
2966
2961
2943
2881
2825
2858
2975
3047
3067
2885
2941
3030
2878
2984
2830
2757
3013
2853
2835
3014
2821
2857
2982
2893
2972
3104
3037
2898
2863
3013
3024
2952
3034
2948
3036
2944
2975
3007
3108
3038
3010
3053
3139
3109
3076
2925
3114
3076
2925
3138
3099
3118
3198
3212
3109
3242
3214
3293
3295
3504
3319
3402
3309
3310
3357
3273
3364
3402
3337
3423
3322
3290
3331
3437
3319
3393
3247
3151
3303
3353
3234
3193
3301
3490
3492
3546
3450
3395
3583
3483
3585
3424
3578
3567
3444
3455
3611
3533
3709
3606
3674
3492
3569
3518
3543
3766
3657
3659
3607
3767
3639
3650
3675
3571
3632
3509
3602
3558
3520
3377
3541
3614
3503
3365
3510
3324
3353
3409
3410
3406
3215
3197
3317
3324
3382
3336
3419
3339
3405
3156
3321
3420
3423
3392
3394
3513
3403
3308
3340
3250
3318
3408
3350
3294
3285
3227
3170
3314
3269
3100
3291
3351
3258
3271
3319
3122
3212
3169
3413
3244
3119
3244
3274
3330
3266
3338
3193
3276
3326
3485
3350
3348
3312
3382
3337
3486
3608
3526
3549
3585
3660
3664
3805
3760
3811
3972
3913
4135
4181
4096
4144
4226
4196
4168
4263
4114
4383
4187
4219
4158
4316
4207
4264
4147
4381
4369
4468
4327
4431
4438
4466
4612
4476
4728
4590
4833
4682
4885
4816
4972
5088
5003
5049
5248
5195
5248
5246
5125
4973
4786
4812
5023
5149
5135
5209
5525
5256
5185
5208
5302
5232
5185
5152
5261
5279
5229
5219
5112
5068
5058
4986
4971
4916
4731
4765
4712
4517
4776
4738
4731
4588
4654
4589
4499
4506
4659
4752
4549
4601
4772
4737
4905
4505
4901
4708
4793
4985
4947
4941
4895
4633
4828
4712
4766
4644
4648
4524
4593
4657
4543
4357
4330
4437
4407
4521
4408
4404
4486
4585
4710
4808
4694
5079
4723
4840
4970
5145
5176
5241
5391
5555
5535
5772
5821
6337
6290
6682
6926
7540
7482
7779
7851
8167
8683
8852
9456
9978
10467
11006
10737
11246
11247
11572
11461
12049
11665
11632
11773
12365
11991
12020
12769
12770
13105
13451
13692
14217
15272
15027
15151
16192
16790
17367
19136
20578
21320
22202
23748
25126
23522
23874
24785
24879
25822
28605
28877
28342
29383
29589
29978
29748
29660
30278
29645
29352
29677
30681
31543
30072
31322
33034
33341
32868
34362
36487
36032
32916
33478
36436
39264
39897
42119
43657
47232
47690
46418
47056
47972
49030
49729
49981
50266
50132
50538
51764
51508
51976
51520
51049
49536
49194
49589
51019
50733
53352
56036
54724
53380
54701
55104
55213
56489
57688
57732
58584
58892
57310
57708
58724
58021
58189
60136
59009
59908
58716
59348
60297
59926
58504
59440
60517
59442
61882
59680
61140
60980
61700
60804
61303
60596
60688
61128
60812
61423
60269
59090
58728
58642
58465
57221
56868
56896
55127
54621
52816
51882
50923
50581
49408
49140
51328
49440
43576
43945
46004
46728
45428
47707
54472
50651
51700
51978
51520
49966
50024
50140
49135
48420
47341
47214
45414
44317
42629
41255
40934
38551
37448
35994
32876
30573
29548
29092
28452
29238
29158
29116
28388
28489
28724
27793
29376
28525
27707
28234
27724
28214
28059
28047
26880
26645
26633
26235
26651
25800
24201
24034
21494
19733
19564
19237
18701
16202
16277
15589
14613
13880
13245
12778
12581
11802
11578
11674
11447
11416
11316
11227
11305
11174
11032
11044
10939
10650
10639
10591
10175
10010
9639
9396
8914
8948
8580
8188
7753
7482
7012
6637
6312
6192
6068
5927
5743
5387
5370
5228
5090
5111
4967
4851
4686
4828
4663
4495
4575
4555
4381
4285
4265
4265
4395
4210
4402
4337
4240
4230
4307
4414
4468
4460
4570
4597
4694
4738
4603
4943
4888
4932
4952
5002
4795
4929
4986
4758
4888
4937
4940
4970
4753
4801
4540
4733
4748
4729
4817
4947
4734
4736
4888
4741
4910
5048
4840
5039
5246
5094
5231
5177
5302
5145
5294
5318
5344
5167
5163
5055
5147
5057
5294
5025
5297
5253
5271
5290
5257
5194
5222
5303
5103
5249
5100
5038
5370
5233
5244
5060
5001
5009
4918
4937
4776
4940
4851
4533
4354
4493
4363
4310
4264
4154
4212
4188
4029
4192
4218
4212
4280
4244
4227
4379
4287
4070
4167
4222
3999
4132
4084
4335
3992
4171
3918
3847
3926
3899
3822
3818
3560
3505
3765
3409
3420
3469
3410
3442
3520
3380
3255
3319
3241
3278
3264
3226
3218
3315
3364
3294
3317
3227
3272
3316
3383
3325
3273
3266
3290
3318
3309
3300
3330
3303
3476
3500
3452
3412
3485
3483
3478
3447
3629
3359
3391
3489
3441
3526
3561
3374
3551
3360
3432
3617
3466
3368
3441
3535
3418
3446
3478
3549
3465
3492
3564
3688
3591
3623
3570
3732
3592
3666
3792
3528
3759
3689
3489
3576
3719
3499
3605
3752
3922
3670
3862
3676
3760
3823
3805
3826
3873
3717
3587
3713
3544
3728
3691
3816
3653
3830
3594
3697
3634
3597
3573
3612
3527
3351
3566
3448
3502
3426
3473
3527
3414
3460
3500
3483
3347
3382
3400
3410
3536
3588
3451
3412
3290
3243
3499
3403
3355
3349
3377
3269
3092
3165
3311
3247
3111
3284
3309
3107
3129
3168
3215
3111
3063
3085
3111
3050
3048
3166
3112
3130
3234
3175
3112
3125
3081
2968
3099
3026
3007
3042
3007
2889
2999
2964
2854
2972
3071
3016
3025
3231
3092
3219
3159
3177
3105
3094
3161
3107
3197
3281
3278
3188
3127
3197
3117
3134
3156
3158
3172
3033
3128
3047
3118
3330
3191
3171
3089
3183
3293
3118
3365
3325
3208
3113
3101
3247
3305
3288
3225
3253
3274
3244
3169
3295
3333
3285
3316
3352
3311
3169
3250
3211
3227
3234
3364
3394
3224
3265
3123
3202
3279
3200
3291
3332
3242
3198
3138
3201
3028
3211
3184
3015
3160
3192
3153
3107
3070
3161
3014
3081
3181
3049
3208
3319
3171
3066
3186
3244
3105
3150
3152
3262
3210
3028
3209
3093
3115
3074
3133
3006
2979
3174
2989
3012
3003
2977
3062
2864
3067
2976
3028
3039
2925
2951
2942
3038
2935
2841
3101
2924
2747
2941
2983
2888
2825
2815
2964
2955
2993
2950
2915
3005
3086
2995
2930
2820
2929
3080
2901
2998
2951
2990
2919
2989
2866
3091
2960
3037
3112
3058
2961
3024
2935
3159
2958
3005
2950
3017
2932
2983
2981
3070
2884
3026
2811
3033
3120
2989
2907
3007
3018
2897
3192
3023
3031
2943
3022
2982
3061
3120
2949
3072
3077
3093
2982
2997
3045
3056
3100
2942
3156
3092
3053
2994
3139
2939
3100
3017
3122
3005
3057
3110
2958
2981
3080
2927
2971
3044
2976
2976
2917
2865
2927
3059
3048
2845
3033
3012
2935
2951
2991
2903
3101
3031
2990
2991
3039
2938
2915
3008
2900
2925
3047
2948
2955
2890
2873
2921
2932
3037
2893
2850
2922
2838
2888
2803
2852
2740
2858
2883
2874
2756
2809
2892
2923
2810
2906
2700
2959
2918
2842
2971
2971
2773
2750
2839
2815
2802
2981
2868
2891
2833
2859
2927
2818
2822
2956
2840
2832
2938
2852
2908
2745
2788
2861
2932
2866
2902
2830
3052
2874
2807
2820
2856
2852
2767
2875
2794
2832
2898
3026
2837
2874
2940
3025
2900
2884
2879
2893
2997
2848
2746
2931
2951
2956
2847
2879
2784
3044
3022
2880
2994
2941
2825
2895
2980
2982
2955
2973
3129
3044
2824
2983
2896
2991
2910
3035
2879
2823
2898
2827
2879
2928
2881
2980
2943
2841
2877
2742
2896
2933
2791
2912
2830
2826
2825
2865
2925
2915
2842
2847
2864
2783
2880
2800
2951
2775
2889
2890
2776
2855
2951
2726
3019
2826
2799
2841
2888
2936
2952
2781
2786
2822
2805
2747
2751
2808
2642
2713
2838
2915
2866
2746
2915
2779
2813
2784
2753
2678
2837
2728
2757
2813
2775
2741
2698
2772
2909
2726
2794
2824
2893
2915
2821
2735
2806
2845
2833
2904
2779
2834
2800
2765
2954
2694
2778
2748
2787
2789
2815
2760
2712
2711
2840
2750
2852
2773
2722
2777
2811
2772
2811
2700
2635
2706
2749
2732
2765
2771
2684
2771
2751
2666
2896
2698
2833
2780
2704
2888
2820
2887
2815
2812
2844
2795
2948
2821
2854
2816
2887
2789
2652
2866
2794
2750
2853
2849
2766
2792
2764
2757
2879
2815
2809
2955
2739
2802
2746
2676
2822
2783
2711
2820
2884
2772
2704
2667
2726
2817
2752
2746
2828
2703
2783
2698
2686
2764
2658
2774
2746
2810
2775
2725
2737
2825
2840
2713
2841
2722
2677
2617
2751
2652
2842
2757
2590
2629
2557
2599
2762
2569
2703
2640
2690
2797
2729
2543
2762
2796
2559
2693
2818
2754
2694
2761
2710
2643
2807
2713
2796
2700
2619
2686
2682
2879
2681
2681
2756
2637
2696
2656
2720
2754
2757
2551
2660
2574
2673
2859
2744
2789
2775
2694
2568
2756
2740
2651
2623
2834
2704
2769
2784
2719
2772
2725
2629
2635
2670
2763
2784
2666
2693
2706
2738
2696
2824
2696
2734
2795
2717
2688
2826
2754
2720
2615
2779
2688
2811
2805
2737
2710
2656
2616
2630
2763
2812
2631
2763
2673
2709
2758
2684
2727
2846
2780
2734
2724
2640
2687
2577
2681
2603
2611
2597
2637
2702
2609
2761
2735
2785
2786
2717
2745
2671
2608
2732
2705
2652
2622
2618
2599
2702
2668
2742
2606
2644
2624
2592
2636
2591
2755
2687
2755
2670
2708
2568
2607
2581
2661
2679
2576
2701
2653
2675
2760
2557
2708
2723
2782
2687
2508
2618
2630
2664
2713
2595
2577
2626
2663
2783
2661
2693
2751
2599
2680
2630
2640
2655
2685
2609
2629
2473
2613
2703
2691
2735
2592
2672
2772
2666
2468
2683
2771
2653
2710
2564
2742
2715
2788
2657
2660
2713
2759
2713
2638
2648
2638
2688
2685
2658
2694
2697
2651
2610
2638
2546
2710
2661
2590
2716
2611
2571
2675
2700
2804
2645
2691
2585
2653
2654
2700
2750
2640
2657
2624
2604
2570
2722
2623
2751
2541
2666
2746
2683
2711
2717
2708
2673
2563
2532
2676
2588
2475
2649
2625
2634
2658
2643
2614
2818
2582
2695
2589
2620
2701
2724
2695
2561
2641
2501
2571
2672
2689
2552
2469
2530
2539
2589
2573
2713
2640
2605
2528
2690
2624
2561
2601
2460
2624
2588
2625
2579
2612
2751
2671
2529
2603
2625
2844
2560
2504
2656
2628
2732
2638
2546
2588
2649
2663
2609
2600
2587
2657
2745
2505
2656
2487
2655
2543
2529
2719
2658
2647
2783
2676
2513
2721
2608
2618
2576
2514
2553
2393
2654
2594
2422
2568
2617
2626
2513
2689
2639
2634
2663
2541
2571
2565
2671
2595
2604
2652
2669
2493
2555
2566
2689
2666
2592
2550
2703
2620
2541
2645
2557
2541
2549
2628
2631
2687
2406
2614
2513
2597
2506
2585
2669
2631
2675
2598
2694
2562
2536
2496
2531
2555
2599
2651
2483
2476
2584
2635
2473
2761
2529
2554
2628
2516
2647
2594
2615
2602
2573
2660
2702
2573
2500
2580
2435
2546
2477
2468
2593
2548
2457
2572
2395
2479
2589
2708
2642
2448
2561
2551
2505
2460
2622
2523
2658
2597
2580
2568
2443
2547
2591
2497
2569
2660
2556
2590
2523
2489
2593
2515
2644
2574
2603
2554
2627
2664
2624
2596
2673
2586
2576
2555
2585
2613
2643
2509
2537
2578
2540
2564
2537
2628
2575
2628
2480
2578
2546
2527
2559
2591
2481
2434
2534
2599
2491
2627
2522
2604
2425
2650
2504
2364
2472
2616
2533
2547
2475
2541
2590
2621
2564
2481
2453
2510
2493
2557
2570
2542
2621
2529
2565
2497
2542
2478
2439
2526
2532
2501
2491
2588
2544
2543
2587
2432
2468
2608
2595
2518
2456
2520
2645
2482
2637
2561
2627
2492
2554
2551
2468
2413
2505
2470
2449
2453
2466
2586
2568
2494
2623
2554
2519
2623
2525
2401
2473
2442
2519
2461
2499
2478
2607
2408
2371
2479
2585
2587
2401
2539
2520
2503
2405
2589
2477
2529
2549
2406
2516
2506
2573
2505
2466
2376
2486
2556
2497
2490
2549
2625
2492
2611
2538
2497
2500
2601
2429
2505
2578
2560
2493
2546
2422
2505
2549
2488
2308
2495
2597
2546
2420
2441
2485
2507
2422
2384
2499
2575
2463
2542
2440
2515
2527
2432
2426
2435
2425
2575
2423
2548
2596
2366
2440
2500
2365
2435
2636
2545
2323
2452
2422
2495
2510
2486
2497
2478
2398
2487
2475
2407
2417
2377
2435
2461
2389
2462
2420
2469
2492
2457
2502
2498
2503
2343
2467
2496
2566
2580
2472
2395
2513
2524
2404
2586
2367
2399
2478
2544
2444
2388
2447
2492
2537
2514
2531
2400
2454
2413
2309
2578
2289
2359
2457
2344
2439
2501
2464
2352
2416
2534
2438
2496
2338
2305
2375
2411
2388
2433
2360
2259
2500
2415
2423
2462
2426
2448
2545
2527
2617
2327
2505
2385
2450
2349
2541
2415
2421
2348
2441
2359
2564
2389
2442
2483
2432
2430
2409
2411
2446
2380
2422
2466
2423
2317
2367
2397
2426
2355
2487
