1307
1383
1347
1341
1403
1356
1306
1357
1342
1353
1306
1389
1434
1439
1312
1360
1396
1375
1316
1381
1343
1320
1405
1419
1345
1334
1457
1375
1452
1392
1453
1318
1394
1492
1274
1347
1498
1388
1598
1344
1316
1380
1422
1452
1403
1331
1443
1491
1443
1428
1437
1406
1472
1382
1460
1349
1415
1454
1392
1368
1430
1500
1468
1349
1372
1450
1479
1469
1392
1354
1416
1518
1289
1421
1391
1401
1390
1341
1510
1398
1350
1340
1435
1342
1406
1491
1464
1423
1445
1416
1467
1402
1448
1549
1506
1469
1465
1400
1381
1392
1405
1384
1494
1475
1430
1367
1437
1480
1427
1401
1358
1398
1440
1406
1476
1458
1482
1496
1494
1380
1338
1385
1416
1452
1443
1538
1458
1357
1532
1486
1437
1503
1489
1517
1555
1482
1454
1457
1437
1413
1491
1509
1476
1464
1430
1327
1430
1369
1395
1405
1381
1435
1365
1475
1450
1477
1423
1369
1454
1376
1480
1428
1443
1379
1545
1437
1554
1409
1309
1467
1524
1531
1600
1363
1402
1562
1528
1537
1401
1529
1374
1485
1627
1538
1477
1455
1450
1355
1410
1378
1417
1430
1589
1588
1496
1506
1561
1587
1537
1414
1563
1410
1394
1466
1546
1446
1506
1539
1516
1528
1570
1555
1645
1492
1527
1524
1489
1496
1512
1562
1428
1461
1539
1418
1570
1422
1654
1472
1533
1473
1476
1582
1567
1454
1512
1489
1554
1556
1531
1514
1401
1544
1533
1560
1407
1579
1507
1555
1496
1565
1586
1475
1542
1662
1637
1602
1575
1495
1522
1556
1469
1535
1603
1549
1619
1589
1598
1571
1542
1501
1618
1577
1650
1527
1562
1439
1463
1424
1522
1593
1605
1621
1385
1509
1493
1506
1530
1474
1590
1580
1524
1610
1511
1532
1595
1507
1498
1550
1533
1597
1590
1463
1588
1471
1487
1531
1394
1550
1534
1592
1512
1564
1615
1522
1513
1594
1670
1701
1537
1498
1545
1484
1578
1593
1511
1664
1468
1627
1547
1668
1687
1560
1547
1493
1607
1474
1443
1484
1664
1470
1472
1650
1603
1586
1524
1565
1634
1462
1695
1560
1626
1556
1560
1551
1577
1682
1572
1559
1647
1640
1597
1504
1560
1517
1641
1624
1586
1451
1557
1516
1505
1617
1611
1564
1532
1551
1676
1613
1641
1656
1495
1568
1486
1590
1542
1487
1491
1606
1664
1680
1542
1659
1589
1541
1535
1680
1665
1572
1507
1572
1599
1561
1516
1540
1585
1568
1608
1540
1521
1524
1608
1553
1527
1628
1569
1562
1651
1532
1550
1631
1596
1549
1611
1599
1613
1563
1598
1636
1612
1562
1531
1626
1601
1642
1607
1626
1642
1699
1684
1612
1712
1752
1631
1605
1443
1631
1616
1612
1604
1591
1614
1517
1680
1570
1533
1593
1568
1709
1652
1609
1721
1589
1654
1585
1502
1625
1511
1668
1527
1501
1650
1639
1577
1593
1545
1601
1713
1682
1606
1597
1595
1580
1686
1613
1532
1695
1549
1649
1682
1562
1685
1623
1807
1655
1615
1631
1809
1593
1616
1595
1592
1688
1656
1608
1609
1669
1561
1682
1640
1715
1738
1618
1579
1609
1685
1609
1677
1742
1606
1697
1635
1602
1604
1667
1688
1682
1746
1833
1654
1673
1595
1629
1737
1653
1653
1642
1690
1648
1854
1604
1717
1618
1701
1669
1653
1625
1686
1643
1718
1627
1649
1646
1728
1758
1682
1675
1675
1722
1628
1732
1734
1700
1656
1676
1656
1679
1570
1717
1731
1697
1727
1641
1692
1682
1702
1619
1679
1652
1674
1676
1655
1610
1732
1690
1770
1744
1695
1696
1665
1702
1744
1717
1845
1843
1612
1717
1573
1644
1666
1657
1628
1714
1691
1767
1670
1642
1678
1710
1755
1649
1580
1691
1680
1707
1620
1758
1722
1850
1640
1672
1628
1806
1708
1799
1755
1697
1812
1670
1730
1735
1719
1652
1676
1806
1673
1672
1718
1842
1681
1689
1665
1756
1733
1740
1671
1692
1811
1794
1733
1746
1723
1671
1709
1778
1630
1705
1785
1761
1805
1717
1809
1803
1807
1651
1758
1693
1683
1760
1717
1688
1692
1702
1729
1790
1857
1824
1761
1791
1706
1707
1746
1700
1764
1761
1690
1713
1768
1674
1692
1818
1817
1750
1757
1852
1676
1888
1754
1742
1819
1719
1721
1648
1629
1795
1861
1778
1713
1725
1636
1721
1768
1686
1703
1794
1736
1728
1821
1799
1804
1743
1791
1813
1787
1886
1852
1704
1680
1836
1889
1817
1793
1891
1797
1793
1807
1752
1670
1807
1858
1739
1775
1810
1837
1738
1798
1817
1862
1774
1777
1858
1767
1821
1876
1729
1749
1688
1780
1869
1721
1744
1809
1757
1685
1760
1781
1791
1770
1789
1735
1751
1801
1753
1718
1800
1779
1827
1858
1777
1746
1810
1843
1778
1677
1765
1763
1789
1800
1764
1795
1851
1763
1762
1827
1793
1840
1821
1746
1696
1795
1800
1812
1799
1799
1783
1821
1868
1805
1768
1781
1902
1765
1763
1738
1881
1829
1835
1850
1706
1866
1690
1746
1786
1809
1751
1804
1794
1777
1805
1846
1758
1872
1871
1922
1910
1790
1795
1903
1799
1839
1818
1819
1835
1880
1861
1779
1811
1950
1835
1883
1777
1758
1799
1913
1966
1919
1748
1833
1788
1722
1837
1684
1765
1831
1801
1787
1904
1790
1860
1799
1852
1996
1766
1899
1872
2006
1913
1962
1843
1852
1852
1774
1773
1781
1886
1701
1920
1851
1845
1741
1840
1875
1834
1932
1867
1878
1901
1893
1818
1818
1732
1808
1757
1751
1930
1830
1793
1904
1796
1850
1815
1866
1850
1810
1874
1861
1901
1845
1902
1864
1923
1843
1873
1938
1790
1834
1925
1786
1913
1873
1952
1868
1952
1837
1848
1856
1873
1848
1878
1825
1939
1864
1736
1931
1962
1806
1887
1814
1976
1941
1955
1829
1883
1864
1976
1885
1867
1874
1821
1815
1791
1826
1903
1868
1913
1847
1911
1855
1964
1959
1898
1941
1997
1937
1822
1993
1890
1924
1835
1917
1820
1949
1926
2013
1930
1888
1999
1989
1880
1937
1917
1883
1833
1868
1842
2015
1882
1875
1945
1889
1861
1901
1914
1904
2050
1929
1988
1887
1832
1995
1925
1931
2014
1856
1991
2002
1830
1892
1955
1896
1976
1965
1991
1947
1982
1850
1961
1943
1980
1984
1836
1901
1979
1898
1884
1842
1970
1918
1805
1995
1992
1942
1940
2006
2029
1904
1985
1939
1791
1892
1887
1896
1972
2011
1877
1966
1925
1875
2006
1894
2019
1940
1921
1867
2007
2075
1849
1885
2023
1975
1904
1900
1976
1944
1929
2005
1972
2013
2014
1888
1906
2032
1998
1990
1995
1945
2002
1957
1893
1958
1835
1981
2000
1856
1922
1944
1941
1978
1956
1944
2103
2022
1965
1950
1928
1915
1976
2026
2016
1929
1846
1948
2039
1832
1947
1913
1978
1958
1927
1979
2003
2011
1940
2031
1949
1967
1921
1975
2083
1902
1962
1926
1855
2028
1946
2002
1877
1954
1982
1883
1916
1892
2001
1919
2042
2055
2035
2074
1959
2113
1927
1956
1984
2050
2017
1921
1941
1902
2022
2017
2019
2011
2038
2103
2044
2023
2051
2021
1991
2083
1981
1963
1889
1963
1911
1996
1969
2004
1965
1997
1957
1879
2017
2050
2051
2005
2083
2098
2118
2172
1894
2047
2063
2027
1962
2032
1955
2042
2074
2002
2061
2115
2084
1981
1879
2220
2050
1984
1905
2034
1894
2026
1952
1939
2020
2014
1951
2051
1970
2013
1918
1953
1891
2054
2099
1994
2237
2012
2052
1978
2010
2012
2084
2032
2080
2030
1914
2020
2166
2072
2030
2024
2027
1988
1999
2041
2087
1977
2072
2133
2068
2133
1981
2068
1981
2068
2105
1972
2021
2019
2052
2015
2176
2038
2118
2060
2065
2141
2005
2078
2105
2027
2075
2118
1975
2051
1959
2030
2008
2119
1996
2162
2196
2135
2066
2100
2041
2114
2130
2138
1977
2050
2152
2031
2143
2127
2084
2103
2081
2125
2228
2132
2077
2122
2099
2033
2003
2054
2002
2184
2100
2034
2107
2036
2104
2083
2207
2123
2228
2119
2168
2089
2082
2168
2132
2232
2107
2103
2170
2137
2098
2135
2157
2070
2092
2175
2076
2225
2312
2063
2161
2207
2131
2076
2049
2106
2035
1959
2095
2109
2104
2075
1990
2077
2013
2047
2084
2122
2163
2158
2059
2208
1997
2175
2087
2044
1995
2037
2112
2039
2152
2128
2204
2129
1922
2073
2209
2212
2101
2148
2099
2141
2117
1999
2074
2082
2075
2058
2064
2113
2089
2137
2075
2173
2001
2195
2023
2066
2132
1998
2084
2142
2139
2112
2294
2136
2120
2112
2108
2141
2194
2225
2177
2136
2239
1959
2164
2020
2105
2078
2187
2093
2140
2216
2189
2052
2096
2053
2089
2278
2109
2146
2224
2146
2285
2162
2209
2128
2090
2199
2196
2157
2079
2068
2187
2152
2073
2110
2118
2182
2046
2248
2129
2106
2167
2085
2272
2277
2135
2041
2148
2195
2290
2235
2207
2310
2180
2136
2230
2167
2304
2277
2173
2221
2150
2252
2276
2064
2135
2091
2257
2170
2094
2097
2212
2127
2130
2217
2190
2185
2124
2213
2119
2249
2188
2129
2218
2253
2191
2189
2240
2170
2210
2260
2040
2130
2155
2223
2262
2246
2204
2185
2235
2234
2096
2227
2164
2172
2196
2204
2159
2290
2160
2137
2222
2187
2165
2207
2191
2115
2205
2230
2137
2251
2266
2159
2145
2276
2183
2279
2272
2170
2258
2207
2190
2179
2174
2301
2187
2152
2215
2249
2263
2168
2275
2257
2235
2211
2297
2351
2196
2135
2270
2109
2267
2337
2335
2326
2291
2272
2263
2360
2452
2272
2299
2304
2344
2308
2282
2259
2389
2309
2316
2298
2202
2199
2201
2238
2138
2302
2182
2184
2137
2178
2321
2365
2253
2317
2429
2351
2347
2430
2366
2508
2417
2460
2481
2470
2364
2424
2328
2433
2481
2338
2335
2347
2333
2214
2142
2297
2304
2216
2270
2146
2320
2274
2246
2269
2507
2257
2354
2239
2320
2284
2329
2150
2302
2245
2206
2382
2392
2340
2308
2334
2306
2200
2209
2364
2314
2286
2378
2244
2213
2254
2189
2256
2367
2261
2366
2269
2261
2358
2231
2342
2325
2275
2158
2202
2310
2367
2283
2132
2198
2207
2150
2193
2256
2173
2325
2224
2271
2266
2235
2306
2285
2282
2195
2223
2276
2363
2161
2291
2378
2378
2343
2510
2344
2229
2377
2173
2439
2431
2453
2478
2439
2544
2652
2640
2513
2630
2670
2597
2575
2661
2545
2656
2528
2681
2608
2466
2497
2324
2274
2357
2442
2204
2307
2423
2430
2368
2257
2507
2542
2556
2464
2525
2669
2637
2790
2662
2760
2759
2879
3104
2911
3034
3099
3077
3070
2882
2877
2824
2666
2794
2572
2555
2434
2497
2394
2538
2315
2249
2429
2355
2404
2411
2479
2474
2499
2497
2519
2530
2618
2622
2718
2706
2864
2729
2713
2673
2723
2750
2675
2634
2680
2466
2445
2570
2522
2453
2533
2353
2374
2543
2498
2516
2483
2450
2527
2695
2664
2590
2625
2624
2636
2600
2522
2463
2429
2730
2507
2453
2406
2422
2526
2423
2434
2413
2378
2545
2627
2439
2701
2582
2581
2727
2821
2701
2700
2832
2911
3008
2916
3040
3175
3079
3131
3163
3293
3441
3432
3517
3758
3799
3848
4202
4136
4176
4296
4454
4468
4544
4737
4803
4699
4557
4552
4586
4385
4253
3982
3940
3726
3607
3588
3649
3408
3624
3696
3850
3889
4197
4417
4845
5317
6026
6596
7174
7910
8497
8765
9494
9826
10292
10312
10344
10436
10614
10314
9429
9381
8903
8516
7649
7232
6756
5642
4781
4374
3981
3868
3838
3838
4036
4531
4908
5609
6384
7302
8547
9614
10870
12386
13403
14608
15789
16386
17351
17370
17757
17423
16851
16806
16043
15488
14677
14653
12514
11225
9624
8339
7254
6257
5453
4655
4331
3917
3781
4078
4809
5365
6333
7561
8952
10789
11874
14178
15197
16744
17573
18909
20070
20756
21698
21186
21277
20613
19560
18520
17378
16328
14592
12856
11377
10057
8413
7093
6044
5131
4508
4057
3848
3999
4326
4807
5421
6377
7471
8637
9901
11361
13063
13943
13483
14165
15553
16204
16249
17042
18932
16968
16776
16137
15228
13643
12716
11510
10217
9053
8158
7140
5999
5234
4705
4086
3793
3634
3508
3817
4111
4410
4736
5594
6048
6868
7645
8292
8937
9115
9941
9832
10182
10210
9842
9886
9419
9066
8630
8129
7558
6834
6537
5993
5798
5464
4614
4414
3934
3530
3588
3340
3399
3243
3515
3364
3468
3730
3878
4083
4276
4062
4245
4355
4234
4424
4303
4377
4386
4136
4265
4096
3935
3957
3620
3725
3654
3496
3293
3196
3163
3089
3114
3058
2994
2901
3078
2945
2829
2823
2652
2831
2638
2697
2645
2496
2509
2506
2490
2451
2485
2373
2405
2232
2428
2359
2473
2435
2507
2482
2533
2506
2440
2677
2581
2553
2670
2546
2540
2485
2593
2503
2425
2497
2538
2475
2518
2498
2459
2484
2537
2485
2652
2458
2704
2628
2698
2784
2739
2709
2698
2720
2748
2874
2684
2707
2678
2785
2716
2529
2484
2550
2410
2404
2348
2343
2261
2353
2263
2428
2381
2421
2386
2505
2617
2587
2694
2826
2850
2727
2965
3035
2902
3118
3079
2960
2974
2916
2823
2659
2821
2711
2703
2523
2589
2398
2447
2275
2308
2351
2370
2422
2458
2419
2475
2413
2493
2511
2637
2555
2611
2652
2611
2554
2662
2476
2421
2624
2560
2583
2591
2411
2632
2515
2492
2386
2618
2482
2391
2413
2275
2396
2414
2414
2386
2482
2545
2371
2284
2373
2419
2315
2362
2350
2217
2255
2270
2216
2235
2337
2323
2294
2272
2208
2268
2351
2275
2401
2279
2359
2320
2288
2363
2355
2259
2269
2272
2373
2317
2390
2431
2264
2359
2424
2290
2284
2372
2308
2252
2315
2416
2488
2358
2434
2361
2388
2220
2356
2566
2529
2477
2556
2375
2488
2458
2333
2413
2373
2431
2414
2315
2351
2367
2218
2349
2321
2244
2178
2323
2324
2321
2263
2416
2229
2340
2473
2416
2441
2401
2495
2485
2613
2557
2356
2440
2515
2381
2552
2478
2314
2420
2400
2460
2414
2450
2337
2363
2254
2342
2231
2305
2340
2300
2248
2300
2214
2353
2317
2414
2421
2307
2346
2361
2408
2339
2434
2431
2303
2467
2431
2383
2443
2323
2366
2336
2227
2283
2377
2203
2335
2250
2175
2473
2282
2272
2252
2326
2321
2293
2249
2290
2236
2297
2288
2204
2261
2374
2246
2324
2291
2142
2190
2345
2225
2189
2289
2280
2279
2166
2365
2233
2331
2243
2108
2210
2200
2336
2276
2204
2164
2110
2177
2352
2223
2241
2228
2242
2274
2110
2252
2167
2157
2370
2271
2359
2274
2278
2320
2263
2349
2249
2404
2278
2351
2266
2328
2225
2340
2158
2183
2216
2223
2207
2266
2206
2239
2397
2287
2259
2173
2257
2408
2260
2187
2451
2326
2273
2227
2295
2127
2370
2311
2321
2343
2359
2283
2432
2298
2251
2374
2222
2300
2270
2206
2189
2198
2233
2260
2302
2246
2260
2263
2305
2332
2220
2351
2365
2299
2351
2297
2315
2396
2276
2295
2359
2314
2241
2384
2221
2229
2261
2332
2232
2278
2357
2288
2304
2210
2248
2267
2206
2386
2361
2179
2338
2282
2349
2207
2326
2228
2126
2214
2321
2243
2167
2194
2261
2304
2338
2206
2148
2138
2274
2097
2204
2179
2219
2133
2241
2259
2208
2105
2245
2263
2248
2268
2131
2282
2264
2212
2208
2223
2190
2174
2275
2301
2215
2369
2338
2189
2093
2216
2164
2220
2330
2317
2234
2117
2245
2325
2272
2313
2069
2259
2324
2189
2356
2218
2160
2247
2247
2237
2172
2270
2292
2111
2254
2172
2308
2302
2228
2046
2256
2315
2247
2219
2316
2261
2242
2188
2133
2183
2177
2260
2197
2195
2251
2334
2184
2176
2270
2204
2135
2120
2312
2196
2145
2246
2204
2211
2218
2242
2274
2138
2134
2171
2197
2050
2280
2200
2251
2317
2314
2299
2196
2186
2144
2268
2109
2150
2356
2306
2158
2350
2201
2106
2124
2186
2241
2098
2117
2167
2223
2292
2192
2146
2010
2178
2245
2210
2195
2202
2157
2096
2241
2201
2103
2185
2135
2193
2079
2239
2286
2307
2265
2289
2206
2238
2129
2135
2248
2207
2175
2157
2217
2183
2137
2134
2178
2244
2250
2231
2154
2169
2244
2262
2271
2054
2266
2219
2225
2186
2074
2218
2234
2234
2110
2205
2244
2188
2184
2206
2275
2215
2300
2287
2144
2149
2071
2071
2119
2196
2180
2267
2165
2261
2177
2170
2131
2211
2165
2126
2331
2164
2238
2179
2299
2158
2181
2058
2153
2245
2315
2248
2295
2151
2183
2231
2094
2120
2249
2234
2112
2233
2126
2175
1993
2172
2145
2094
2063
2146
2119
2204
2219
2010
2209
2228
2116
2155
2306
2093
2088
2160
2100
2199
2150
2150
2194
2151
2136
2215
2171
2200
2211
2099
2123
2239
2085
2086
2088
2246
2138
2144
2182
2171
2254
2081
2167
2202
2131
2081
2221
2085
2209
2103
2151
2162
2154
2211
2064
2233
2194
2138
2175
2105
2195
2104
2223
2108
2085
2165
2071
2218
2104
2118
2078
2163
2174
2202
2154
2121
2136
2191
2175
2042
2298
2136
2207
2067
2024
2095
2213
2130
2244
2059
2057
2207
2213
2160
2117
2186
2190
2108
2207
2036
2136
2062
2094
2143
2167
2050
2094
2141
2178
2123
2170
2106
2212
2144
2131
2113
2157
2240
2085
2178
2113
2076
2173
2141
2206
2202
2117
2075
2103
2089
2220
2157
2134
2220
2100
2109
2005
1994
2213
2086
1984
2109
2063
2236
2069
2137
2152
2204
2221
2037
2147
2085
2120
2151
2019
2155
2096
2106
2112
2147
2137
2096
2170
2151
2135
2144
2124
2086
2212
2152
2013
2063
2159
2026
2109
2105
2126
2162
2210
2072
2058
2085
2204
2039
2058
2047
2144
2129
2151
2148
2063
2054
2169
2069
2230
2180
2264
2091
2091
2141
2103
1972
2135
2139
2033
2146
2127
2068
2132
2088
2187
2083
2089
2150
2127
2000
2027
2079
2047
2165
2133
2171
2075
1953
2133
2061
1962
2167
2117
2168
2182
2118
2107
2053
2040
2105
2070
2008
2139
2048
2121
2055
2006
2067
2079
2085
2028
2172
2160
2204
2084
2166
2055
2140
2073
2109
2081
1985
2004
2147
2073
2021
2189
2109
2010
2027
2101
2075
2063
2097
2046
2027
2130
2096
2150
2151
2036
1989
2033
2089
2131
2135
1997
2028
2000
2141
2013
2163
2082
2118
2133
2030
2051
2117
2141
2135
2092
2063
2157
2038
1937
2172
2067
2126
2017
2116
2011
2068
2059
2035
2144
2178
2105
2054
2158
2174
2014
2036
2089
2075
2002
2043
2100
2187
2053
2077
2059
2129
2061
2074
2088
2173
1973
2020
2010
2011
2040
1998
2057
2090
2035
2179
1975
2160
2005
2048
1937
2010
2039
2017
2109
2000
2087
2021
2087
2187
2000
2094
2140
2112
2071
1992
2157
2002
2118
2015
2153
2017
1996
2063
2001
1998
2010
2093
2022
2184
2078
2004
2066
2035
2033
2050
2034
2049
2162
2054
1898
2056
2114
2017
2241
2026
2057
1959
2112
2067
2037
2013
2081
2085
2093
2030
2070
2152
2031
2003
1880
1973
2118
2102
2028
2148
2026
2013
2153
1984
2046
2065
2067
2054
2102
1980
1957
1993
2017
2013
2023
2045
2017
2037
2000
2064
2048
2016
1958
2009
2050
1850
2054
2129
2023
2007
2135
2010
2003
2123
2015
2083
1943
2035
1998
1946
2014
2044
1890
1969
2033
2018
2088
2017
1958
1993
1945
2184
1981
1984
2012
2053
2033
2013
1981
1991
2019
1918
1966
2000
1886
2001
2022
2016
2015
1906
1992
1965
2019
1975
1944
1993
1986
1975
2109
2107
1952
2023
1996
2087
1956
2027
1953
2101
2038
1963
1967
2027
2054
1890
1799
2043
2040
2012
2018
2032
1936
2030
2070
1943
1955
1992
1970
1939
2005
2004
2012
2081
1988
2073
1917
1962
1988
1928
1946
2010
1919
1908
1999
2005
1863
2072
1940
2090
2155
1905
1975
2024
1988
2007
1977
1884
1907
1899
2022
2033
1898
2019
2001
2050
2049
1896
1940
2100
1939
1960
1914
1911
2029
1963
2015
2021
1986
2049
1983
1968
1964
1926
1989
1982
1975
1942
1945
1969
2006
1983
1884
1945
2009
1961
1941
2028
2072
1943
2149
1953
1906
2028
1918
1936
2029
1898
1962
2015
1996
1939
2061
1893
1944
1979
1907
2011
1991
1977
2093
1895
1860
2046
1938
1914
1985
1968
1876
1941
2094
1970
2018
1867
1874
1953
1942
1962
1994
1929
1985
2080
1926
1968
2053
1952
2061
2040
1991
1893
1966
1875
1928
1973
1943
2017
1961
1985
1955
1919
1968
1911
1975
1974
1896
2012
2029
1958
1878
1963
1888
2040
1906
1825
1881
2035
1989
1946
1939
1970
1919
2084
2131
1973
1940
1964
1847
1974
1955
1818
1845
1870
1870
1924
2074
2031
1888
1977
2008
1921
2006
1952
1928
1914
1958
1898
1849
1935
1885
1860
1923
1930
1948
1895
1781
1995
1920
2025
1919
1894
1979
2002
2029
1923
1859
1888
1971
1862
1704
1981
1982
1908
1983
1860
1990
1936
1894
1936
1869
2024
1997
1895
1939
1955
1996
1911
1817
1949
1880
1866
1968
1862
1837
1906
1849
1991
1936
1909
2023
1947
1994
1911
1867
1921
1834
1925
1898
1793
1835
1954
1825
1947
1965
1961
1922
1867
1933
2038
2035
1900
1956
1758
2009
1912
1770
1874
1795
1884
2036
1914
1826
1895
1815
1946
1882
1956
1930
1899
1945
1791
1864
1847
1888
1877
1850
1847
1809
1822
1858
1827
1928
1858
1854
1869
1791
1866
1917
1866
1795
1900
1948
1860
1874
2007
1969
1908
1862
1948
1724
1779
1921
1795
1807
1869
1941
1979
1855
1898
1923
1892
1896
1910
1798
1881
1928
1788
1853
1849
1844
1809
1874
1904
1929
1845
1719
1831
1955
1930
1871
1834
1760
1884
1905
1743
1873
1818
1852
1884
1913
1900
1730
1838
1847
1931
1969
1871
1804
1804
1835
1896
1838
1897
1845
1757
1876
1823
1823
1750
1936
1791
1771
1867
1814
1714
1822
1772
1986
1943
1851
1863
1861
1893
1767
1858
1846
1712
1913
1786
1761
1855
1867
1943
1857
1733
1897
1859
1923
1895
1860
1806
1732
1709
1724
1819
