1448
1543
1515
1512
1524
1511
1448
1555
1452
1453
1592
1529
1451
1517
1468
1617
1629
1529
1458
1583
1481
1605
1565
1533
1590
1584
1615
1543
1475
1521
1533
1522
1521
1709
1457
1584
1408
1579
1525
1563
1610
1558
1572
1595
1596
1604
1571
1451
1527
1592
1586
1533
1517
1624
1621
1458
1586
1600
1598
1649
1556
1624
1587
1625
1566
1672
1523
1702
1552
1521
1532
1548
1405
1435
1573
1576
1497
1477
1635
1584
1516
1617
1649
1657
1650
1601
1527
1672
1600
1572
1603
1587
1567
1616
1629
1625
1574
1471
1658
1594
1627
1574
1598
1636
1595
1710
1567
1555
1673
1568
1540
1589
1603
1578
1625
1607
1548
1604
1603
1511
1571
1562
1566
1557
1606
1669
1730
1691
1686
1579
1601
1662
1636
1593
1652
1654
1597
1580
1625
1624
1500
1655
1560
1457
1538
1636
1643
1704
1588
1564
1639
1730
1617
1555
1664
1735
1664
1592
1715
1573
1665
1569
1597
1644
1753
1644
1589
1696
1507
1606
1627
1713
1636
1519
1651
1631
1726
1567
1630
1659
1586
1569
1735
1660
1592
1687
1715
1631
1738
1680
1578
1587
1706
1610
1615
1562
1704
1693
1685
1641
1699
1663
1682
1734
1688
1689
1637
1655
1750
1643
1634
1724
1775
1660
1559
1631
1606
1609
1643
1653
1750
1596
1718
1628
1629
1776
1581
1623
1628
1628
1685
1672
1719
1709
1731
1666
1711
1692
1566
1608
1767
1581
1805
1688
1684
1743
1648
1642
1637
1687
1693
1662
1702
1643
1700
1600
1661
1671
1814
1706
1705
1850
1649
1632
1693
1604
1720
1687
1728
1704
1771
1652
1757
1708
1715
1781
1711
1531
1693
1583
1745
1746
1681
1676
1658
1693
1701
1692
1643
1754
1739
1650
1789
1751
1744
1677
1796
1706
1817
1737
1758
1546
1777
1685
1705
1727
1810
1606
1740
1782
1815
1697
1736
1765
1716
1763
1697
1629
1741
1544
1763
1683
1688
1725
1714
1829
1744
1792
1721
1856
1692
1703
1689
1766
1661
1756
1674
1608
1740
1659
1692
1713
1711
1727
1738
1809
1700
1756
1795
1738
1752
1828
1681
1636
1704
1845
1737
1819
1823
1733
1761
1688
1791
1765
1716
1807
1867
1771
1748
1797
1729
1725
1767
1699
1720
1864
1690
1736
1776
1697
1789
1615
1800
1757
1662
1676
1698
1661
1823
1675
1798
1755
1798
1850
1815
1693
1818
1811
1755
1856
1710
1762
1690
1770
1708
1787
1830
1644
1700
1809
1833
1823
1808
1820
1727
1853
1751
1792
1738
1749
1811
1772
1867
1773
1798
1696
1824
1754
1814
1824
1790
1749
1792
1829
1926
1756
1787
1776
1838
1706
1813
1921
1715
1837
1881
1781
1880
1810
1822
1777
1807
1866
1690
1849
1853
1791
1778
1768
1819
1753
1834
1807
1797
1752
1920
1764
1680
1792
1750
1934
1826
1774
1892
1884
1787
1844
1868
1835
1904
1825
1837
1850
1809
1783
1772
1940
1846
1783
1868
1739
1820
1909
1854
1769
1864
1808
1887
1919
1677
1843
1912
1915
1815
1818
1755
1732
1809
1814
1868
1768
1884
1853
1710
1943
1821
1890
1861
1828
1924
1810
1790
1817
1759
1847
1800
1887
1875
1857
1845
1902
1863
1893
1931
1895
1905
1795
1925
1766
1902
1855
1958
1779
1936
1901
1890
1868
1922
1829
1956
1764
1893
1869
1870
1911
1753
1829
1987
1949
1738
1917
1922
1753
1878
1877
1859
1871
1825
1920
1835
1828
1867
1803
1958
1902
1831
2026
1846
2004
1940
2008
1821
1817
1921
1796
1869
1920
1896
1884
1800
1850
1936
1837
1897
1976
1826
1925
1954
1953
1863
1849
1890
1942
1789
1877
1859
1797
1895
1907
1894
1768
1917
1957
1921
1871
1870
1922
1916
1860
1898
1867
1780
1944
1949
1832
1887
1917
1898
1948
1941
1970
1935
1889
1880
1907
2021
1919
1961
1945
1990
1995
1972
2043
1948
1848
1995
1925
1885
1932
1969
1907
1793
1922
1835
1979
1944
1883
1878
1998
1942
2024
2083
1828
2008
1961
1996
1943
1829
1943
1881
1976
2088
1967
1834
2059
1973
1949
1898
2058
1942
1945
1913
2056
1891
1958
2030
1959
1951
1954
1945
1979
1904
1948
1957
2017
1969
1977
1916
1927
2003
1984
1942
1884
1952
2091
1886
2018
2027
2064
1913
1937
2052
1948
1993
1866
1875
1909
1939
1996
2041
1988
2019
1929
2058
2004
2021
2113
2038
1937
2069
1987
1908
2059
1961
2009
1871
1946
2035
1967
2067
1897
1923
2075
2039
1959
1902
2058
1986
1961
1947
2006
1843
1925
1842
2023
2022
2024
1973
2067
2135
2059
1979
1941
2017
1943
2126
2082
1962
1976
2018
1958
1925
2016
1896
1985
2001
2082
1960
1973
1943
1973
2075
1961
1903
2052
2024
2028
2074
2029
2104
2031
2053
2065
1881
2043
1938
1989
1884
1975
2014
2014
1953
2025
2032
2137
2064
2023
2041
2119
2031
2021
2119
1930
2057
1955
2035
1968
2094
1972
1997
1967
2111
2027
2066
2044
2101
2090
1964
2016
1910
1977
2078
2019
1928
1942
1915
2015
2031
2049
2106
2005
2025
1989
2101
1997
2090
2081
2042
2068
2098
2013
1959
1939
2138
1984
1949
2089
2068
1982
2017
2011
2133
2056
1995
1951
2106
2123
2049
2089
2005
2138
2054
1966
2151
1957
2069
2073
2029
2003
2119
2010
2123
1979
2100
2264
2071
2070
2028
2029
2128
2137
2091
1902
2093
2061
2062
2082
2098
2061
2125
1961
2054
2120
2056
2125
2076
2059
2016
2095
2050
2142
2120
2110
2089
2071
2099
2126
2080
2081
2041
2012
2111
2047
1990
2074
2200
2039
1998
2145
2146
2161
2203
2121
2154
2077
2167
2108
2068
2139
2170
2111
2056
2091
1992
2238
2158
2073
2125
2033
2117
2131
2146
2157
2114
2295
2135
2141
2236
2074
2103
2011
2133
2080
2082
2091
2089
2209
2162
2124
2210
2136
2180
2081
2119
2145
2120
2137
2132
2188
2267
2074
2344
2143
1990
2090
2173
2239
2144
2026
2113
2165
2211
2032
2255
2131
2154
2221
2237
2153
2145
2217
2121
2063
2116
2188
2170
2215
2064
2122
2161
2266
2179
2149
2169
2173
2074
2153
2176
2183
2209
2177
2011
2147
2075
2095
2076
2194
2185
2085
2190
2145
2233
2252
2042
2167
2094
2135
2167
2233
2226
2171
2181
2109
2160
2090
2253
2180
2127
2108
2195
2163
2117
2259
2202
2146
2193
2139
2112
2167
2148
2219
2176
2207
2182
2081
2187
2281
2145
2302
2284
2138
2150
2222
2247
2233
2309
2124
2162
2220
2172
2245
2186
2202
2280
2144
2281
2261
2227
2252
2227
2181
2183
2127
2106
2169
2261
2240
2151
2265
2157
2176
2284
2179
2185
2213
2279
2316
2279
2186
2255
2298
2207
2247
2229
2235
2195
2314
2238
2266
2157
2145
2153
2184
2244
2099
2234
2244
2239
2172
2210
2126
2228
2226
2204
2188
2172
2269
2148
2248
2241
2299
2154
2194
2223
2239
2298
2282
2257
2204
2253
2394
2250
2305
2265
2165
2167
2218
2217
2199
2254
2268
2194
2239
2383
2417
2229
2235
2215
2242
2269
2139
2289
2284
2234
2289
2335
2275
2256
2343
2359
2276
2357
2177
2233
2267
2180
2467
2353
2226
2301
2285
2304
2290
2200
2297
2367
2432
2244
2307
2334
2417
2405
2259
2387
2204
2216
2297
2353
2232
2240
2245
2276
2344
2171
2298
2239
2261
2263
2244
2216
2266
2173
2318
2293
2258
2330
2317
2328
2200
2233
2253
2312
2354
2363
2199
2158
2225
2279
2307
2298
2298
2218
2401
2410
2253
2226
2347
2303
2218
2395
2287
2393
2286
2278
2285
2355
2174
2232
2292
2365
2319
2344
2280
2225
2385
2167
2364
2355
2216
2254
2327
2361
2339
2276
2248
2372
2444
2182
2247
2292
2368
2272
2365
2324
2224
2356
2400
2472
2287
2460
2292
2315
2356
2355
2396
2262
2239
2257
2257
2250
2284
2432
2350
2444
2431
2502
2281
2352
2420
2318
2294
2250
2292
2309
2327
2348
2371
2235
2466
2430
2330
2298
2322
2370
2370
2348
2364
2383
2277
2370
2293
2330
2315
2364
2419
2315
2405
2494
2393
2344
2446
2315
2418
2420
2275
2291
2373
2295
2425
2255
2359
2282
2409
2363
2251
2345
2411
2384
2430
2405
2437
2470
2390
2424
2385
2387
2392
2223
2325
2217
2325
2228
2396
2413
2378
2539
2453
2548
2316
2403
2470
2446
2340
2408
2378
2308
2347
2505
2330
2318
2421
2392
2329
2499
2445
2358
2474
2306
2395
2447
2338
2356
2418
2484
2384
2425
2352
2378
2414
2430
2440
2384
2378
2378
2427
2310
2432
2365
2369
2459
2395
2414
2500
2407
2484
2443
2495
2399
2454
2459
2379
2346
2340
2493
2414
2394
2340
2344
2395
2348
2487
2353
2467
2573
2488
2464
2346
2362
2434
2448
2406
2412
2366
2363
2366
2274
2445
2417
2423
2409
2398
2604
2452
2444
2462
2425
2352
2345
2293
2418
2406
2564
2492
2348
2415
2433
2415
2437
2478
2495
2478
2431
2455
2430
2415
2510
2527
2514
2401
2505
2389
2304
2413
2445
2526
2561
2445
2512
2420
2368
2511
2481
2366
2427
2395
2422
2464
2516
2478
2515
2475
2567
2476
2503
2559
2532
2418
2388
2514
2423
2532
2410
2406
2415
2370
2398
2548
2389
2489
2465
2366
2484
2463
2459
2398
2562
2440
2518
2494
2594
2461
2353
2397
2511
2475
2402
2441
2464
2506
2415
2520
2463
2402
2548
2387
2568
2448
2445
2373
2448
2420
2599
2349
2472
2479
2509
2448
2534
2567
2483
2535
2533
2505
2574
2399
2527
2520
2391
2349
2403
2527
2537
2429
2417
2523
2464
2530
2431
2486
2465
2621
2397
2689
2564
2474
2488
2443
2477
2462
2535
2549
2501
2435
2303
2458
2557
2387
2572
2554
2547
2537
2544
2584
2519
2409
2457
2431
2599
2579
2535
2574
2543
2560
2574
2511
2560
2529
2553
2562
2571
2516
2439
2414
2567
2569
2433
2514
2591
2529
2518
2589
2593
2475
2535
2537
2418
2517
2538
2487
2585
2639
2452
2473
2551
2455
2415
2617
2563
2574
2629
2447
2383
2545
2529
2539
2502
2511
2472
2649
2540
2539
2455
2490
2504
2538
2527
2573
2519
2513
2537
2463
2537
2514
2575
2426
2533
2631
2484
2612
2572
2505
2496
2545
2527
2580
2476
2554
2607
2524
2499
2580
2523
2619
2527
2618
2499
2628
2433
2582
2544
2513
2520
2517
2544
2599
2582
2568
2500
2468
2458
2518
2565
2601
2592
2644
2516
2507
2590
2529
2528
2449
2536
2513
2445
2605
2529
2693
2598
2473
2579
2655
2369
2560
2625
2606
2564
2618
2605
2578
2640
2514
2587
2569
2646
2433
2463
2563
2584
2616
2570
2648
2594
2454
2569
2670
2557
2533
2557
2538
2485
2644
2627
2492
2439
2664
2595
2613
2457
2607
2689
2542
2530
2592
2513
2567
2619
2553
2597
2676
2456
2564
2541
2510
2698
2560
2508
2487
2572
2445
2536
2597
2634
2533
2608
2539
2582
2584
2538
2655
2729
2699
2537
2716
2630
2672
2587
2467
2678
2547
2480
2617
2642
2522
2504
2573
2518
2624
2527
2405
2606
2625
2506
2532
2712
2609
2645
2550
2602
2660
2619
2626
2596
2523
2599
2433
2498
2643
2655
2627
2660
2480
2538
2516
2509
2553
2557
2555
2564
2473
2509
2607
2619
2602
2618
2615
2567
2630
2597
2552
2639
2593
2686
2578
2558
2637
2471
2577
2554
2584
2577
2530
2686
2816
2576
2586
2716
2576
2705
2633
2561
2568
2624
2648
2585
2612
2629
2478
2583
2637
2588
2453
2575
2561
2512
2548
2636
2754
2685
2647
2680
2493
2665
2699
2527
2617
2513
2623
2499
2795
2605
2520
2610
2598
2751
2628
2639
2610
2736
2619
2572
2596
2657
2689
2737
2579
2770
2500
2621
2600
2613
2518
2567
2595
2660
2666
2572
2548
2663
2508
2691
2510
2550
2485
2577
2661
2444
2590
2662
2762
2573
2537
2604
2631
2694
2594
2640
2624
2584
2509
2601
2606
2556
2527
2689
2644
2597
2647
2499
2688
2619
2620
2500
2632
2616
2513
2770
2582
2699
2604
2542
2528
2615
2744
2505
2665
2523
2650
2684
2547
2712
2707
2594
2607
2674
2794
2683
2593
2625
2589
2660
2495
2546
2621
2712
2636
2617
2736
2637
2662
2616
2586
2576
2588
2660
2651
2629
2679
2659
2623
2729
2538
2734
2630
2730
2612
2586
2726
2677
2584
2687
2527
2631
2690
2522
2525
2644
2635
2634
2569
2604
2638
2601
2566
2700
2720
2659
2551
2536
2588
2626
2669
2558
2661
2636
2639
2424
2502
2625
2672
2698
2595
2577
2449
2492
2616
2643
2572
2638
2637
2650
2587
2550
2682
2552
2555
2774
2595
2619
2690
2595
2466
2744
2556
2584
2616
2670
2756
2635
2541
2571
2581
2628
2721
2727
2721
2693
2770
2694
2776
2717
2640
2596
2548
2583
2654
2660
2594
2627
2556
2698
2659
2596
2689
2618
2698
2665
2735
2645
2619
2680
2658
2692
2653
2632
2743
2599
2692
2686
2548
2495
2742
2751
2593
2728
2480
2638
2613
2697
2734
2738
2640
2667
2752
2642
2543
2773
2597
2507
2678
2721
2498
2571
2634
2564
2684
2728
2646
2647
2717
2499
2666
2624
2601
2611
2600
2661
2629
2619
2611
2610
2654
2579
2761
2630
2690
2543
2588
2636
2656
2658
2730
2749
2695
2663
2769
2602
2748
2654
2637
2728
2625
2733
2611
2623
2701
2595
2640
2645
2632
2655
2465
2786
2729
2730
2702
2624
2683
2586
2604
2761
2688
2669
2641
2724
2535
2740
2660
2659
2742
2701
2693
2682
2627
2622
2645
2652
2721
2639
2671
2799
2644
2701
2766
2615
2622
2778
2629
2696
2697
2656
2679
2693
2606
2664
2669
2605
2635
2674
2730
2592
2643
2727
2683
2638
2719
2709
2718
2603
2589
2742
2442
2555
2750
2590
2584
2563
2645
2609
2601
2592
2632
2560
2733
2781
2575
2744
2607
2686
2658
2623
2574
2690
2801
2634
2647
2685
2552
2737
2657
2706
2722
2699
2669
2786
2709
2646
2642
2671
2710
2671
2721
2722
2789
2678
2610
2862
2769
2601
2562
2616
2754
2654
2744
2664
2698
2714
2643
2614
2667
2640
2626
2677
2679
2652
2628
2816
2708
2655
2560
2568
2806
2706
2611
2611
2611
2645
2656
2599
2730
2558
2777
2717
2735
2665
2734
2814
2618
2711
2684
2644
2551
2654
2806
2677
2704
2751
2749
2643
2748
2598
2895
2687
2687
2688
2647
2668
2567
2555
2537
2721
2652
2647
2782
2704
2694
2633
2671
2802
2519
2725
2614
2691
2737
2736
2778
2700
2593
2589
2750
2671
2765
2725
2668
2635
2636
2573
2619
2577
2743
2753
2691
2765
2750
2660
2795
2726
2690
2735
2677
2715
2693
2612
2785
2830
2694
2632
2623
2634
2684
2813
2738
2649
2709
2746
2635
2814
2732
2669
2697
2735
2623
2681
2660
2794
2626
2603
2622
2681
2801
2792
2636
2724
2667
2658
2674
2756
2751
2769
2624
2654
2623
2665
2606
2775
2671
2653
2774
2665
2761
2698
2758
2712
2707
2772
2641
2608
2662
2660
2757
2706
2705
2610
2763
2727
2653
2617
2612
2689
2590
2600
2631
2675
2660
2739
2679
2690
2894
2667
2735
2737
2639
2686
2655
2611
2717
2718
2654
2662
2670
2635
2727
2626
2614
2683
2579
2664
2695
2669
2667
2701
2667
2640
2628
2612
2601
2717
2754
2680
2640
2729
2731
2687
2725
2750
2607
2786
2647
2652
2681
2569
2730
2615
2587
2726
2736
2671
2647
2749
2695
2655
2737
2747
2644
2726
2642
2608
2709
2739
2730
2621
2658
2695
2682
2617
2571
2567
2653
2591
2617
2704
2737
2621
2629
2554
2750
2572
2652
2655
2520
2687
2544
2678
2651
2595
2720
2644
2677
2726
2713
2781
2597
2615
2595
2722
2755
2795
2597
2667
2686
2548
2716
2665
2694
2722
2424
2636
2665
2676
2773
2541
2704
2603
2690
2727
2710
2612
2712
2625
2765
2666
2697
2813
2727
2774
2820
2545
2733
2614
2745
2577
2567
2669
2620
2626
2625
2719
2627
2729
2545
2597
2690
2647
2682
2675
2660
2761
2708
2615
2633
2629
2721
2642
2612
2604
2621
2674
2497
2664
2636
2620
2604
2718
2731
2662
2770
2750
2712
2595
2631
2612
2673
2495
2646
2601
2568
2676
2691
2660
2731
2668
2622
2724
2777
2713
2715
2648
2774
2666
2714
2765
2623
2618
2740
2644
2629
2579
2735
2699
2724
2766
2713
2516
2696
2703
2652
2708
2794
2615
2712
2635
2738
2703
2727
2538
2780
2699
2759
2766
2748
2717
2684
2626
2720
2658
2614
2826
2623
2759
2648
2582
2571
2725
2793
2697
2723
2629
2664
2708
2598
2821
2619
2776
2657
2632
2529
2558
2549
2701
2655
2669
2605
2701
2648
2654
2701
2662
2835
2743
2726
2626
2628
2668
2655
2700
2602
2620
2741
2683
2696
2653
2577
2776
2674
2647
2679
2569
2658
2790
2613
2689
2708
2610
2587
2577
2613
2647
2623
2706
2495
2736
2738
2684
2650
2531
2617
2533
2763
2659
2664
2650
2585
2675
2593
2708
2586
2661
2643
2694
2647
2580
2707
2561
2610
2714
2633
2582
2688
2518
2644
2752
2572
2658
2629
2596
2605
2653
2689
2689
2634
2727
2592
2656
2766
2711
2665
2593
2638
2725
2599
2733
2693
2744
2671
2754
2693
2679
2585
2623
2597
2539
2631
2712
2642
2426
2549
2672
2511
2712
2720
2655
2562
2702
2731
2750
2659
2661
2658
2593
2525
2607
2657
2546
2574
2581
2547
2664
2556
2607
2602
2453
2612
2530
2626
2511
2544
2673
2552
2717
2650
2622
2628
2600
2770
2598
2628
2658
2577
2610
2582
2471
2660
2586
2660
2680
2596
2682
2558
2751
2635
2569
2726
2504
2647
2608
2605
2590
2805
2520
2568
2528
2612
2682
2507
2573
2556
2639
2648
2641
2491
2499
2521
2662
2682
2577
2554
2664
2556
2590
2567
2670
2690
2608
2610
2570
2661
2640
2648
2587
2631
2613
2619
2585
2613
2573
2598
2633
2523
2535
2583
2597
2507
2650
2565
2628
2666
2605
2611
2713
2574
2631
2658
2511
2677
2607
2666
2621
2639
2643
2573
2682
2595
2667
2624
2535
2605
2511
2645
2609
2657
2571
2645
2535
2589
2627
2458
2581
2487
2606
2633
2573
2562
2631
2483
2623
2626
2595
2572
2679
2691
2592
2692
2598
2609
2595
2548
2472
2686
2679
2741
2635
2478
2567
2677
2642
2675
2593
2510
2585
2568
2535
2597
2650
2561
2644
2612
2638
2726
2608
2691
2595
2720
2681
2633
2629
2607
2697
2462
2560
2509
2548
2492
2687
2549
2486
2559
2560
2461
2509
2522
2489
2542
2496
2592
2601
2586
2627
2539
2604
2532
2656
2557
2635
2632
2590
2501
2634
2576
2589
2652
2427
2521
2462
2529
2658
2564
2496
2524
2546
2617
2603
2644
2572
2649
2578
2626
2474
2626
2561
2555
2468
2592
2536
2409
2529
2547
2595
2498
2781
2688
2584
2650
2568
2587
2524
2677
2459
2602
2493
2635
2420
2557
2612
2576
2564
2629
2573
2624
2547
2595
2610
2496
2684
2657
2497
2648
2453
2497
2608
2512
2429
2480
2575
2469
2503
2688
2614
2667
2541
2548
2538
2423
2442
2650
2506
2586
2578
2537
2442
2620
2531
2569
2577
2617
2557
2713
2630
2588
2486
2662
2631
2621
2550
2552
2516
2492
2591
2583
2475
2626
2381
2649
2546
2587
2478
2489
2414
2708
2546
2558
2515
2418
2589
2581
2449
2503
2576
2693
2554
2455
2483
2515
2616
2582
2642
2615
2641
2609
2618
2652
2448
2564
2586
2589
2515
2563
2553
2416
2580
2594
2580
2492
2538
2541
2523
2480
2627
2484
2520
2546
2504
2611
2429
2495
2546
2566
2478
2498
2584
2500
2457
2423
2538
2545
2628
2544
2663
2430
2460
2470
2555
2519
2554
2536
2426
2479
2448
2613
2504
2532
2636
2590
2484
2453
2664
2566
2660
2626
2575
2590
2363
2601
2511
2554
2367
2451
2568
2476
2539
2566
2561
2482
2574
2637
2566
2394
2408
2470
2620
2603
2531
2417
2562
2474
2544
2635
2407
2466
2465
2557
2411
2506
2572
2433
2407
2573
2451
2437
2455
2400
2446
2548
2491
2529
2420
2623
2533
2627
2500
2489
2551
2457
2549
2543
2477
2447
2389
2454
2583
2614
2522
2501
2521
2626
2567
2520
2523
2492
2437
2411
2526
2498
2430
2430
2427
2517
2559
2472
2556
2537
2491
2456
2556
2676
2518
2413
2493
2460
2555
2496
2447
2555
2524
2472
2500
2376
2417
2467
2488
2586
2552
2484
2521
2479
2460
2540
2472
2470
2764
2477
2468
2490
2524
2659
2431
2428
2491
2462
2483
2470
2506
2456
2525
2456
2589
2484
2363
2561
2422
2526
2551
2509
2462
2444
2596
2537
2359
2474
2490
2396
2595
2495
2444
2443
2496
2314
2457
2392
2462
2558
2482
2509
2424
2538
2564
2450
2312
2527
2406
2446
2507
2518
2378
2411
2478
2404
2567
2396
2408
2459
2449
2507
2515
2466
2468
2470
2504
2481
2414
2357
2490
2565
2323
2455
2455
2423
2403
2421
2362
2442
2423
2435
2561
2514
2422
2525
2611
2445
2526
2511
2444
2405
2407
2374
2569
2485
2344
2317
2343
2425
2352
2409
2505
2611
2514
2431
2395
2590
2373
2431
2332
2441
2431
2363
2512
2465
2417
2427
2511
2522
2458
2447
2457
2373
2485
2546
2469
2328
2332
2416
2393
2366
2412
2286
2397
2283
2414
2362
2354
2418
2460
2493
2571
2433
2535
2428
2409
2510
2298
2461
2403
2423
2483
2334
2520
2207
2505
2473
2427
2432
2436
2509
2464
2415
2384
2437
2532
2322
2415
2379
2467
2451
2383
2457
2407
2344
2530
2380
2442
2381
2416
2256
2406
2330
2390
2462
2457
2551
2343
2465
2366
2418
2392
2445
2377
2449
2545
2294
2478
2375
2488
2266
2377
2401
2373
2370
2487
2371
2421
2415
2284
2363
2434
2468
2418
2465
2397
2372
2398
2297
2242
2453
2408
2363
2455
2260
2431
2419
2336
2522
2382
2423
2382
2526
2422
2433
2226
2272
2414
2338
2362
2448
2368
2441
2374
2460
2396
2474
2365
2291
2431
2382
2351
2464
2373
2389
2338
2416
2500
2265
2516
2322
2360
2325
2277
2460
2266
2354
2353
2239
