1418
1453
1404
1388
1382
1417
1444
1429
1304
1405
1499
1417
1421
1421
1428
1413
1455
1458
1389
1405
1370
1407
1384
1362
1401
1509
1420
1492
1447
1438
1423
1484
1435
1367
1392
1432
1458
1524
1483
1502
1370
1467
1408
1453
1406
1441
1503
1478
1505
1410
1521
1479
1397
1485
1437
1436
1461
1465
1484
1499
1479
1446
1442
1541
1594
1539
1454
1444
1473
1507
1404
1586
1398
1479
1454
1490
1437
1416
1591
1450
1445
1416
1474
1508
1553
1558
1533
1498
1554
1558
1418
1549
1443
1508
1550
1496
1552
1525
1454
1447
1473
1507
1429
1523
1543
1560
1443
1411
1487
1462
1515
1549
1402
1484
1531
1497
1494
1523
1470
1466
1486
1551
1586
1485
1459
1429
1390
1420
1461
1592
1507
1518
1610
1429
1457
1579
1548
1566
1524
1628
1523
1488
1495
1530
1523
1562
1528
1546
1593
1639
1633
1571
1533
1649
1491
1455
1551
1537
1474
1481
1487
1543
1390
1574
1462
1568
1561
1610
1460
1450
1461
1546
1552
1536
1573
1461
1539
1482
1531
1637
1531
1583
1561
1544
1423
1553
1578
1534
1474
1462
1502
1531
1464
1446
1529
1540
1526
1561
1608
1505
1611
1486
1610
1450
1594
1589
1610
1517
1541
1498
1509
1625
1486
1423
1530
1462
1585
1678
1622
1446
1432
1629
1562
1594
1565
1607
1675
1548
1544
1668
1512
1604
1553
1595
1560
1558
1535
1497
1550
1531
1592
1447
1551
1601
1609
1536
1625
1609
1601
1648
1612
1544
1572
1623
1595
1512
1585
1579
1497
1502
1565
1690
1559
1522
1643
1485
1618
1478
1554
1633
1602
1633
1654
1563
1671
1555
1544
1504
1564
1664
1541
1641
1524
1601
1689
1599
1577
1476
1666
1643
1598
1563
1589
1680
1632
1543
1682
1606
1636
1562
1497
1629
1718
1575
1540
1690
1568
1591
1562
1632
1525
1573
1535
1476
1625
1656
1686
1571
1554
1678
1712
1673
1686
1539
1557
1645
1498
1550
1634
1620
1664
1650
1592
1683
1551
1494
1696
1603
1673
1621
1491
1698
1688
1693
1610
1604
1652
1577
1686
1628
1713
1583
1626
1666
1663
1685
1621
1690
1639
1557
1630
1501
1558
1601
1434
1639
1674
1715
1685
1634
1616
1592
1627
1813
1577
1654
1592
1647
1621
1700
1568
1735
1546
1577
1582
1627
1629
1594
1575
1661
1635
1694
1568
1659
1760
1677
1657
1733
1661
1708
1587
1583
1763
1687
1621
1548
1639
1675
1595
1719
1725
1659
1819
1739
1791
1658
1716
1711
1736
1732
1754
1641
1645
1772
1791
1727
1721
1566
1751
1659
1756
1662
1780
1687
1608
1738
1753
1785
1753
1702
1748
1583
1623
1634
1680
1793
1661
1655
1708
1641
1652
1732
1780
1771
1756
1685
1709
1673
1608
1723
1690
1743
1717
1797
1682
1733
1741
1682
1677
1727
1655
1819
1595
1849
1700
1634
1668
1721
1730
1800
1801
1677
1733
1761
1654
1782
1790
1810
1826
1770
1537
1691
1597
1711
1769
1657
1657
1708
1686
1768
1739
1765
1817
1843
1720
1739
1759
1735
1774
1754
1694
1666
1629
1723
1854
1796
1770
1624
1747
1718
1730
1764
1696
1798
1736
1808
1823
1820
1658
1745
1716
1630
1699
1618
1755
1741
1721
1774
1768
1672
1789
1732
1744
1795
1642
1747
1691
1767
1796
1792
1804
1763
1719
1647
1865
1770
1720
1841
1686
1716
1761
1747
1741
1865
1713
1818
1735
1705
1711
1850
1764
1767
1764
1787
1706
1661
1679
1764
1803
1780
1739
1801
1755
1768
1835
1826
1795
1698
1785
1792
1697
1840
1851
1938
1818
1849
1803
1882
1862
1807
1822
1712
1835
1862
1850
1839
1854
1786
1924
1777
1799
1838
1822
1794
1813
1754
1812
1741
1697
1775
1880
1748
1845
1877
1698
1843
1883
1875
1875
1830
1733
1813
1877
1833
1750
1809
1805
1797
1896
1822
1840
1818
1859
1778
1834
1847
1906
1942
1900
1683
1850
1948
1808
1936
1794
1818
1834
1825
1725
1834
1851
1837
1879
1891
1910
1814
1868
1883
1905
1901
1852
1852
1830
1956
1872
1849
1824
1826
1828
1895
1858
1931
1944
2009
1877
1853
1840
1844
1893
1803
1883
1976
1831
1847
1937
1862
1908
1809
1874
1807
1855
1900
1868
1953
1919
2036
1837
1818
1925
1848
1868
1869
1849
1974
1861
1789
1821
1927
1853
1842
1828
1867
1922
1881
1862
1769
1954
1997
1971
2054
1999
1916
1817
1982
1853
1874
1705
1873
1835
1751
1767
1850
1847
1815
1946
1947
1896
1942
1873
1870
1887
1980
1872
1882
1967
1890
1871
1829
1932
1934
1904
1761
1827
1893
1918
1981
2037
1952
1895
1848
1885
1913
1893
1878
1821
1783
1847
1881
1791
1851
1899
1873
1908
1781
1868
1972
1884
1835
2006
1877
2029
1953
1852
1939
1954
1925
1919
1877
1907
1960
1873
1980
1900
1958
1922
1951
1890
1913
1857
1838
1935
1869
1847
1936
1957
1961
1865
1936
1989
1971
1946
1941
2043
1942
1958
1865
1985
1902
1933
1935
1991
1866
1982
1840
2003
1771
1919
1917
1966
1923
1904
1938
1932
1859
1885
1920
1963
1923
1960
1920
2112
1887
2000
2068
1922
1766
2031
1981
1911
1979
1956
1931
1905
2060
1930
2000
1951
1907
2041
2028
1864
1958
2010
1987
2071
1911
2056
1927
1964
1818
1844
1930
1892
1932
2008
2078
2015
2051
1956
2061
1982
2060
1925
2010
1941
1978
1975
1855
2111
1981
1961
1948
1938
2038
2109
1954
2001
1854
2061
2079
1920
1908
1975
1974
1933
1930
1980
1963
1929
1950
1966
2095
1946
2085
1925
1947
1964
1905
1907
2062
2010
2024
1956
2064
1881
2047
2020
1952
1966
2094
1969
2090
1937
2046
2003
2111
2111
2125
2052
2058
2097
1957
2089
2109
2007
2030
1991
1985
2196
2058
2110
1991
2051
2020
1999
1956
1973
1973
2043
1940
2053
2007
1943
1897
2018
1873
1989
1941
1936
2026
2078
1896
2148
1962
2007
1886
2044
1975
1969
1942
1923
1925
1990
1974
2090
2122
2131
2038
2053
2059
2041
2004
2064
1995
2035
2052
2001
2068
2076
2236
2075
2038
2003
2104
1891
2120
2160
2067
1918
2005
1951
2106
1990
2117
2080
2105
2008
2094
2123
1975
2002
2019
2121
2119
2100
2142
2075
2113
1972
2162
2054
2054
2140
2027
2116
2109
2109
2203
2026
2042
2040
2093
1929
2056
2046
2005
2113
2020
2083
2072
1953
2033
2010
1917
2025
2018
1981
2076
2116
1970
2084
2137
2121
2178
2098
2205
2192
2065
2111
2035
1925
2082
2025
2064
2188
2043
1933
2034
2129
2069
2102
2114
2008
2057
2154
2101
2102
2110
2179
2007
2087
2241
1971
2134
2216
2115
2059
2071
2057
2117
2063
2134
1983
2076
2005
2185
2153
2074
2181
2124
2157
1982
2138
2062
2219
2078
2096
2115
2171
2133
2159
2108
2051
2159
2064
2088
2167
2096
2088
2109
2064
2166
2070
2051
2095
2171
2137
2032
2104
2187
2006
2178
2035
2112
2126
2103
2100
1944
2063
2203
2178
2133
2224
2202
2040
2058
2105
2076
2143
2016
2171
2206
2229
2096
2151
2133
2095
2138
2205
2008
2061
2044
2178
2213
2122
2107
2037
2093
2198
2189
2151
2223
2231
2158
2167
2124
2072
2209
2008
2127
2121
2104
2264
2130
2123
2149
2075
2151
2046
2071
2195
2076
2075
2001
2117
2147
2121
2163
2173
2230
2116
2265
2187
2242
2199
2187
2235
2187
2344
2207
2066
2104
2239
2182
2078
2176
2118
2178
2177
2138
2105
2074
2212
2064
2106
2184
2277
2106
2111
2160
2038
2216
2116
2108
2075
2027
2225
2094
2188
2047
2212
2135
2089
2167
2159
2049
2216
2261
2138
2101
2287
2158
2246
2069
2205
2084
2177
2211
2234
2184
2182
2148
2100
2222
2145
2212
2173
2283
2156
2271
2281
2231
2187
2214
2286
2212
2217
2255
2123
2330
2208
2299
2195
2098
2075
2120
2181
2088
2178
2081
2123
2213
2228
2221
2136
2311
2168
2204
2149
2286
2189
2124
2188
2326
2156
2208
2132
2278
2227
2286
2284
2342
2262
2151
2200
2139
2177
2314
2192
2217
2165
2349
2233
2209
2289
2309
2208
2231
2224
2162
2214
2163
2101
2298
2128
2109
2268
2198
2231
2259
2190
2269
2308
2196
2311
2271
2186
2244
2215
2117
2248
2167
2274
2171
2343
2176
2179
2186
2260
2324
2346
2212
2189
2278
2239
2244
2298
2186
2147
2254
2287
2314
2136
2212
2216
2173
2287
2280
2282
2234
2280
2332
2150
2284
2177
2184
2210
2385
2236
2315
2350
2249
2314
2218
2257
2295
2133
2318
2259
2284
2240
2272
2221
2198
2214
2201
2264
2166
2254
2184
2185
2281
2258
2207
2282
2179
2233
2253
2185
2366
2252
2247
2232
2481
2277
2327
2335
2336
2339
2241
2372
2336
2235
2301
2257
2322
2256
2314
2226
2306
2233
2324
2250
2228
2294
2231
2310
2313
2224
2231
2392
2267
2300
2324
2261
2408
2370
2333
2294
2293
2334
2356
2389
2338
2228
2326
2329
2307
2271
2201
2410
2405
2231
2286
2274
2325
2397
2366
2419
2406
2208
2237
2284
2240
2328
2287
2318
2229
2244
2257
2250
2261
2383
2357
2317
2075
2272
2297
2250
2233
2403
2279
2361
2193
2277
2299
2314
2335
2312
2249
2445
2394
2259
2303
2341
2301
2366
2381
2301
2395
2384
2279
2327
2261
2356
2232
2351
2265
2377
2374
2311
2297
2407
2319
2221
2268
2251
2323
2349
2238
2382
2292
2446
2150
2246
2232
2371
2352
2305
2245
2204
2422
2414
2331
2221
2362
2430
2341
2377
2434
2334
2335
2300
2327
2228
2330
2309
2279
2373
2242
2354
2222
2355
2229
2257
2239
2390
2396
2437
2405
2342
2262
2315
2377
2375
2285
2383
2322
2259
2303
2322
2336
2238
2401
2312
2382
2394
2431
2271
2354
2386
2453
2288
2270
2244
2290
2460
2336
2337
2398
2285
2328
2371
2296
2324
2377
2459
2270
2241
2333
2339
2297
2378
2374
2516
2425
2201
2389
2414
2389
2407
2309
2376
2428
2339
2304
2174
2362
2491
2370
2378
2386
2479
2379
2461
2326
2319
2352
2378
2293
2298
2386
2304
2239
2178
2387
2372
2459
2363
2298
2327
2255
2430
2329
2269
2295
2340
2365
2384
2351
2349
2295
2329
2354
2374
2293
2425
2464
2361
2334
2315
2277
2334
2388
2410
2473
2308
2230
2493
2417
2397
2477
2376
2277
2344
2484
2471
2421
2407
2364
2371
2460
2394
2356
2393
2373
2370
2410
2312
2350
2311
2452
2517
2221
2400
2410
2521
2406
2413
2369
2357
2470
2408
2395
2368
2347
2502
2337
2332
2457
2474
2468
2265
2343
2369
2371
2365
2464
2432
2345
2331
2408
2478
2337
2420
2342
2444
2401
2423
2313
2371
2515
2328
2444
2348
2382
2491
2457
2447
2275
2399
2354
2337
2316
2482
2325
2289
2338
2441
2328
2424
2423
2309
2598
2295
2426
2398
2316
2427
2445
2427
2402
2409
2331
2352
2321
2468
2435
2519
2445
2497
2487
2497
2427
2406
2400
2294
2506
2371
2474
2478
2417
2420
2400
2347
2429
2365
2330
2427
2431
2334
2432
2396
2545
2429
2286
2567
2370
2410
2468
2543
2460
2448
2481
2361
2338
2444
2422
2471
2308
2549
2409
2406
2354
2483
2466
2412
2436
2272
2364
2430
2370
2445
2515
2433
2352
2369
2457
2471
2357
2465
2469
2359
2488
2433
2460
2319
2298
2386
2500
2394
2456
2563
2351
2335
2406
2493
2617
2472
2398
2467
2432
2429
2514
2419
2443
2423
2446
2520
2370
2503
2408
2342
2607
2428
2551
2506
2514
2405
2344
2426
2339
2393
2438
2493
2382
2381
2495
2507
2448
2547
2431
2356
2492
2545
2394
2454
2387
2478
2523
2422
2443
2465
2472
2358
2469
2485
2379
2472
2520
2455
2306
2536
2623
2446
2325
2508
2500
2501
2477
2535
2475
2394
2551
2323
2440
2442
2521
2361
2477
2422
2481
2485
2474
2496
2563
2536
2379
2445
2520
2415
2304
2476
2413
2437
2470
2443
2422
2326
2366
2444
2483
2464
2498
2547
2553
2453
2406
2469
2449
2481
2527
2392
2498
2421
2419
2431
2463
2444
2334
2437
2566
2442
2376
2365
2409
2334
2384
2487
2380
2372
2489
2437
2462
2285
2375
2431
2360
2394
2492
2465
2501
2430
2580
2496
2467
2580
2472
2513
2509
2414
2461
2342
2376
2405
2432
2553
2285
2515
2368
2461
2448
2435
2481
2334
2415
2601
2373
2563
2389
2470
2522
2517
2423
2330
2445
2462
2475
2464
2482
2439
2505
2470
2446
2335
2545
2485
2518
2370
2420
2541
2450
2394
2435
2434
2368
2505
2510
2357
2404
2428
2485
2413
2397
2463
2493
2419
2381
2469
2652
2490
2483
2494
2429
2428
2444
2403
2518
2450
2416
2418
2307
2357
2597
2565
2467
2492
2461
2438
2453
2352
2541
2584
2368
2523
2413
2584
2474
2426
2466
2571
2496
2446
2529
2542
2429
2392
2568
2500
2404
2373
2461
2394
2365
2394
2365
2480
2322
2514
2432
2317
2367
2455
2398
2439
2366
2386
2404
2387
2452
2431
2381
2474
2408
2544
2541
2412
2479
2564
2408
2485
2472
2501
2461
2450
2451
2455
2474
2377
2439
2406
2443
2336
2517
2507
2337
2540
2416
2341
2467
2305
2460
2297
2444
2469
2446
2341
2384
2518
2398
2332
2387
2605
2624
2526
2436
2518
2569
2528
2397
2400
2401
2496
2343
2345
2523
2455
2390
2330
2411
2287
2402
2382
2423
2471
2511
2522
2516
2412
2444
2426
2460
2451
2386
2386
2403
2304
2372
2404
2460
2362
2556
2499
2511
2460
2515
2585
2524
2493
2470
2471
2401
2445
2423
2452
2452
2355
2315
2479
2449
2328
2429
2363
2345
2444
2446
2428
2510
2442
2481
2457
2444
2462
2451
2425
2482
2425
2443
2480
2524
2395
2485
2465
2431
2478
2561
2379
2422
2460
2468
2463
2340
2462
2406
2410
2442
2388
2401
2423
2486
2488
2528
2514
2439
2524
2431
2573
2588
2431
2417
2420
2416
2352
2336
2456
2512
2531
2543
2428
2594
2608
2491
2454
2400
2461
2491
2508
2417
2423
2506
2485
2395
2352
2434
2599
2515
2497
2388
2458
2481
2544
2465
2438
2521
2375
2410
2494
2469
2541
2468
2445
2475
2390
2501
2555
2452
2405
2381
2409
2486
2307
2490
2251
2382
2346
2447
2317
2482
2396
2388
2343
2568
2430
2400
2382
2513
2426
2567
2448
2365
2370
2527
2362
2292
2429
2559
2324
2451
2492
2451
2409
2471
2359
2428
2354
2494
2399
2447
2454
2447
2390
2472
2448
2462
2512
2523
2407
2470
2376
2495
2516
2512
2448
2440
2438
2405
2575
2393
2455
2523
2463
2461
2489
2438
2477
2517
2418
2511
2460
2422
2441
2400
2471
2435
2271
2374
2521
2407
2487
2546
2456
2568
2597
2566
2558
2328
2416
2392
2476
2516
2420
2389
2370
2452
2469
2395
2460
2443
2410
2396
2321
2459
2426
2325
2378
2594
2420
2361
2373
2624
2435
2472
2486
2425
2548
2346
2396
2427
2511
2326
2548
2374
2333
2463
2442
2519
2407
2469
2486
2551
2486
2473
2538
2427
2389
2509
2407
2447
2380
2348
2371
2447
2589
2452
2462
2403
2312
2546
2517
2398
2408
2469
2414
2433
2466
2384
2373
2250
2272
2449
2430
2496
2429
2455
2449
2481
2380
2486
2425
2397
2379
2404
2433
2493
2310
2431
2490
2431
2444
2450
2443
2424
2458
2386
2430
2444
2480
2627
2413
2430
2430
2531
2488
2406
2377
2420
2478
2437
2365
2356
2426
2407
2373
2546
2342
2493
2357
2482
2367
2440
2518
2594
2389
2406
2566
2458
2316
2377
2413
2408
2519
2377
2415
2575
2425
2421
2442
2401
2359
2343
2468
2450
2401
2371
2463
2534
2499
2337
2371
2324
2485
2473
2387
2438
2480
2392
2384
2402
2431
2459
2347
2523
2427
2389
2395
2403
2510
2522
2415
2394
2350
2359
2387
2588
2283
2398
2457
2363
2583
2406
2468
2424
2462
2373
2464
2359
2447
2374
2444
2450
2443
2454
2439
2305
2465
2335
2337
2432
2405
2364
2416
2330
2431
2474
2306
2420
2507
2539
2518
2363
2491
2528
2378
2485
2467
2307
2410
2344
2427
2452
2355
2438
2454
2429
2499
2465
2420
2388
2447
2512
2311
2460
2249
2560
2253
2380
2347
2524
2452
2296
2372
2438
2479
2538
2398
2402
2378
2297
2537
2366
2348
2412
2460
2390
2397
2322
2451
2502
2420
2452
2457
2460
2414
2406
2450
2234
2455
2415
2465
2487
2346
2483
2476
2427
2421
2329
2378
2372
2365
2402
2334
2304
2459
2403
2400
2284
2327
2302
2432
2348
2282
2429
2399
2459
2344
2392
2442
2468
2376
2463
2414
2424
2434
2357
2339
2465
2504
2337
2454
2465
2305
2332
2372
2400
2464
2458
2530
2232
2416
2498
2458
2539
2394
2499
2391
2466
2370
2330
2308
2367
2345
2519
2383
2418
2409
2440
2307
2330
2418
2352
2564
2386
2354
2437
2454
2332
2350
2461
2402
2295
2374
2267
2259
2364
2297
2291
2308
2442
2398
2425
2371
2298
2427
2420
2459
2300
2370
2374
2551
2391
2386
2320
2391
2388
2431
2390
2400
2407
2346
2385
2410
2409
2340
2375
2481
2445
2311
2328
2335
2395
2479
2423
2313
2414
2353
2335
2415
2320
2421
2401
2314
2394
2412
2343
2397
2351
2402
2255
2289
2313
2283
2465
2440
2349
2326
2373
2436
2349
2395
2400
2403
2347
2375
2190
2331
2371
2305
2208
2379
2268
2378
2378
2414
2331
2248
2301
2353
2325
2329
2300
2334
2345
2284
2345
2315
2350
2427
2299
2367
2488
2292
2418
2330
2299
2368
2327
2203
2430
2299
2276
2292
2276
2451
2335
2242
2401
2362
2351
2284
2397
2309
2316
2354
2424
2452
2288
2344
2226
2350
2408
2290
2372
2277
2367
2395
2427
2399
2327
2290
2340
2347
2423
2394
2352
2265
2371
2369
2306
2337
2367
2370
2379
2369
2304
2339
2321
2328
2313
2387
2333
2332
2410
2286
2346
2438
2215
2335
2361
2346
2341
2418
2339
2290
2236
2187
2276
2453
2192
2347
2436
2347
2310
2296
2357
2237
2250
2381
2365
2236
2402
2362
2473
2243
2319
2241
2360
2295
2339
2325
2324
2386
2421
2154
2300
2323
2271
2379
2364
2311
2298
2289
2372
2373
2280
2304
2272
2426
2386
2380
2252
2461
2276
2214
2283
2265
2383
2293
2368
2380
2331
2392
2231
2423
2321
2250
2284
2400
2380
2315
2254
2406
2312
2320
2165
2269
2325
2356
2291
2189
2208
2381
2317
2314
2384
2331
2252
2311
2292
2285
2348
2340
2385
2176
2184
2201
2217
2315
2379
2231
2321
2307
2215
2417
2264
2262
2360
2186
2222
2186
2345
2253
2378
2216
2253
2243
2354
2385
2269
2270
2327
2230
2421
2272
2255
2223
2391
2253
2146
2316
2101
2251
2363
2298
2243
2359
2291
2275
2320
2283
2254
2133
2306
2321
2298
2209
2284
2225
2167
2271
2270
2171
2132
2183
2236
2354
2293
2308
2272
2252
2294
2296
2258
2197
2226
2250
2366
2300
2258
2249
2259
2248
2262
2229
2354
2212
2156
2391
2271
2251
2089
2255
2311
2292
2235
2304
2338
2268
2386
2241
2296
2250
2179
2301
2254
2273
2154
2246
2228
2295
2276
2199
2310
2192
2249
2202
2151
2202
2270
2253
2302
2227
2209
2211
2303
2282
2339
2212
2158
2276
2309
2258
2451
2344
2184
2164
2265
2195
2163
2236
2172
2251
2174
2129
2324
2325
2229
2245
2324
2296
2185
2405
2304
2217
2299
2300
2200
2269
2209
2248
2198
2131
2179
2247
2214
2153
2278
2245
2208
2334
2297
2289
2289
2316
2248
2313
2171
2213
2161
2210
2238
2192
2100
2333
2183
2234
2168
2194
2335
2103
2242
2281
2281
2150
2167
2221
2195
2187
2253
2151
2174
2251
2314
2093
2092
2195
2279
2267
2186
2291
2234
2174
2255
2238
2171
2249
2192
2125
2165
2152
2196
2291
2397
2225
2230
2231
2157
2148
2260
2309
2192
2205
2235
2153
2199
2241
2307
2183
2288
2230
2278
2274
2273
2273
2227
2155
2129
2205
2137
2194
2212
2232
2228
2220
2325
2387
2242
2150
2289
2241
2191
2213
2177
2093
2179
2214
2177
2189
2192
2237
2161
2224
2224
2197
2229
2085
2190
2217
2279
2166
2209
2233
2251
2207
2247
2211
2178
2190
2211
2257
2058
2174
2178
2216
2164
2220
2244
2214
2190
2118
2165
2187
2170
2153
2100
2237
2247
2202
2250
2228
2217
2272
2229
2257
2072
2337
2142
2191
2206
2127
2181
2181
2092
2231
2202
2117
2159
2251
2240
2217
2213
2245
2092
2098
2110
2153
2124
2269
2054
2117
2198
2287
2117
2238
2247
2240
2120
2044
2178
2143
2203
2243
2161
2163
2098
2128
2146
2214
2170
2116
2178
2058
2180
2170
2135
2148
2224
2171
2201
2100
2246
2195
2201
2224
2165
2085
2064
2144
2193
2121
2178
2205
2221
2224
2135
2217
2316
2058
2159
2153
2166
2135
2141
2244
1996
2215
2147
2150
2217
2097
2074
2080
2122
2162
2203
2114
2103
2120
2104
2184
2195
2104
2179
2205
2092
2196
1955
2127
2160
2047
2018
2109
2160
2106
2200
2206
2074
2163
2199
2183
2105
2151
2225
2084
2162
2163
2110
2084
2089
2118
2253
2102
2023
2135
2232
2140
2212
2082
2104
2198
2099
2181
2163
2064
2249
2069
2085
2036
2131
2166
2149
2130
2177
2102
2067
2133
2154
2279
2070
2175
2089
2104
2094
2153
1989
2214
2047
2039
2068
2036
2029
2075
2110
2107
2160
2094
2134
1971
2137
2175
2113
2136
2285
2233
2165
2090
2125
2080
2060
2086
2109
2069
2033
2061
2065
2102
2075
2116
2007
2124
2168
2042
2097
2142
2182
2070
2099
2155
2133
1995
2152
2031
2045
2027
2032
2023
2083
2172
2013
1995
2027
2111
2168
2139
2099
2168
2053
2098
2062
2045
1969
2095
2089
2081
1883
2075
2023
2036
2080
2052
2133
2087
2014
2048
2016
2019
2056
2227
2122
1963
2156
2025
2033
1951
2047
2086
2192
2011
2119
2155
2127
2156
2141
2154
2159
2099
2151
2143
2090
1990
1988
2049
2068
2013
2169
1989
2014
2035
2031
2142
2020
2018
2082
2039
2090
2007
2066
2031
2160
