1495
1523
1487
1527
1544
1552
1517
1445
1540
1602
1466
1650
1597
1548
1646
1546
1483
1542
1451
1551
1669
1574
1490
1581
1585
1539
1513
1491
1611
1538
1465
1606
1438
1629
1525
1589
1564
1474
1583
1538
1619
1596
1629
1457
1595
1499
1583
1635
1460
1533
1594
1544
1536
1528
1396
1616
1522
1549
1592
1540
1557
1532
1633
1498
1496
1547
1674
1691
1622
1575
1586
1618
1645
1538
1592
1573
1549
1578
1593
1564
1568
1507
1561
1506
1620
1595
1521
1612
1599
1613
1587
1604
1584
1624
1578
1628
1536
1575
1611
1565
1485
1584
1624
1505
1677
1697
1651
1599
1582
1608
1698
1667
1637
1503
1645
1709
1662
1560
1635
1557
1570
1573
1582
1558
1577
1679
1666
1604
1460
1628
1671
1656
1675
1733
1602
1599
1714
1681
1622
1657
1679
1557
1614
1575
1603
1595
1601
1563
1650
1687
1663
1655
1635
1657
1657
1692
1531
1649
1687
1683
1638
1639
1606
1580
1589
1688
1583
1635
1711
1573
1602
1613
1644
1659
1763
1637
1642
1632
1724
1687
1626
1630
1605
1577
1621
1752
1529
1634
1601
1600
1649
1674
1646
1840
1655
1621
1721
1607
1634
1626
1626
1685
1679
1599
1640
1603
1681
1661
1693
1725
1710
1682
1663
1590
1645
1691
1652
1631
1700
1605
1634
1640
1653
1743
1624
1713
1661
1621
1622
1595
1590
1592
1741
1691
1678
1632
1691
1578
1689
1717
1705
1570
1711
1649
1634
1691
1717
1725
1744
1731
1724
1735
1790
1783
1661
1594
1824
1713
1679
1581
1655
1692
1599
1600
1717
1715
1691
1549
1801
1742
1741
1698
1723
1758
1730
1831
1637
1702
1689
1766
1661
1730
1680
1636
1737
1661
1757
1787
1844
1714
1812
1603
1801
1641
1790
1700
1686
1653
1748
1754
1599
1718
1739
1663
1686
1630
1726
1789
1687
1696
1859
1693
1746
1841
1845
1705
1731
1743
1858
1747
1757
1838
1764
1785
1790
1785
1676
1864
1753
1787
1858
1777
1855
1678
1741
1828
1673
1694
1826
1788
1642
1704
1767
1694
1673
1775
1796
1812
1697
1808
1760
1817
1786
1704
1787
1757
1731
1824
1753
1742
1724
1702
1812
1832
1735
1822
1847
1812
1747
1822
1669
1746
1835
1829
1761
1717
1667
1825
1883
1783
1695
1791
1832
1874
1828
1832
1795
1809
1825
1954
1763
1790
1809
1748
1755
1791
1791
1763
1707
1793
1834
1734
1755
1756
1791
1819
1914
1769
1856
1726
1740
1772
1863
1843
1778
1797
1839
1741
1771
1729
1720
1785
1877
1893
1781
1836
1829
1806
1835
1855
1944
1741
1742
1775
1894
1887
1811
1872
1810
1899
1808
1701
1861
1748
1799
1786
1825
1790
1763
1843
1801
1824
1796
1790
1821
1907
1838
1895
1816
1858
1779
1895
1787
1848
1802
1735
1810
1786
1792
1874
1829
1851
1832
1893
1835
1810
1859
1881
1876
1784
1934
1771
1844
1761
1761
1855
1780
1826
1823
1809
1830
1854
1876
1866
1911
1802
1872
1887
1788
1862
1834
1814
1806
1852
1837
1838
1840
1882
1916
1784
1930
1771
1833
1929
1832
1770
1977
1881
1931
1733
1766
1910
1905
1839
1833
1896
1908
1795
1759
1881
1804
1895
1960
1909
1913
1827
1976
1882
1803
1829
1934
1979
1837
1905
1795
1895
1937
1890
1847
1869
1880
1926
1893
1931
1855
1762
1793
1825
1869
1972
1863
1887
1835
1945
1873
1905
1799
1880
2021
1802
1894
1902
1798
1943
1834
1832
1851
1964
1989
1829
1879
1989
1954
1922
1931
1821
1919
1971
1903
1845
1879
1838
1965
2044
1877
1867
1870
1887
1868
1981
1867
1913
1843
1915
1889
1912
1859
1979
1959
1961
1968
1910
2053
1941
1895
1980
1931
1904
1915
1948
1959
1787
1897
1901
1946
1989
1993
1887
1918
1993
1944
1919
1930
1890
1977
1907
1853
1838
2024
2003
1963
1925
1876
1832
1979
1891
1989
1877
1925
1994
1910
1916
2099
1983
1888
1895
1828
1956
1960
1990
1886
2047
1889
1965
2134
1861
1927
1910
1992
1974
2084
1991
1976
2014
2034
1983
1897
2024
1874
2014
1919
1958
1969
1927
1920
1925
1939
2056
1967
1921
2020
1964
1947
1991
1935
1860
1904
1960
1998
1927
1760
1900
1935
1884
1905
2015
2039
1919
2039
1990
1914
2016
1974
2080
2017
1924
2063
1962
1904
1937
2148
2059
2010
2022
1931
1863
2055
1910
1919
2034
1982
1916
1974
1955
1988
1976
1798
1990
1888
1930
2038
2005
1904
1971
2161
1974
2030
1960
2016
1909
2040
1967
1921
1922
2015
2076
1978
1973
2039
1950
2099
2056
2029
2135
1955
1984
1988
2012
1972
1956
2107
2020
2029
2035
2066
1997
1953
2077
2050
2015
2055
1930
1982
1991
2010
1973
2049
1929
1985
1959
1924
1869
2064
1983
2164
1980
2059
2100
2133
2098
2006
2133
2089
2076
1930
2005
2091
1954
1968
1977
2042
1933
1965
2028
2114
2047
2063
1967
2044
2000
2010
2079
2000
2060
1973
1931
1928
1994
1880
2063
2075
1990
2148
2046
2118
2018
1980
2109
2031
1995
2126
2200
1973
2105
2008
2106
2068
2117
2023
1903
2120
2033
2198
2031
1967
2055
2023
2036
1968
1948
1958
2120
2014
2013
1933
1973
2050
2034
2030
2145
2108
2033
2110
2129
2065
2059
2138
2116
2143
1990
2048
2051
2021
2051
1966
2054
2046
2040
2033
2001
2212
2088
2164
2052
2149
2155
2169
2117
2159
2111
1969
2117
2052
2179
2102
2062
2086
2095
2036
2073
2178
2098
2136
2113
2162
2179
2089
2172
1972
2073
2060
1896
2000
2158
2032
1996
2110
2092
2104
2211
2098
2110
2145
2058
2083
2049
2124
2192
2056
2139
2098
2109
2136
2126
1966
2083
2145
2095
2133
2091
2199
2206
2157
2098
2052
2104
2099
2106
2012
2069
2197
2209
2176
2177
2125
2273
2065
2189
2074
2181
2095
2197
2125
2124
2100
2047
2067
2152
2207
2209
2155
2150
2143
2165
2115
2138
2087
2180
2149
2149
2161
2162
2049
2146
2134
2162
2152
2287
2134
2177
2090
2155
2249
2147
2304
2203
2206
2163
2115
2115
1999
2188
2223
2155
2147
2178
2165
2194
2179
2116
2087
2214
2120
2103
2160
2079
2197
2127
2124
2175
2166
2157
2105
2220
2013
2191
2186
2124
2217
2203
2075
2321
2186
2238
2089
2200
2216
2148
2138
2174
2054
2110
2206
2210
2112
2127
2045
2130
2213
2182
2152
2125
2228
2115
2139
2199
2062
2109
2186
2109
2156
2198
2205
2156
2220
2174
2323
2283
2345
2216
2124
2130
2277
2106
2261
2199
2248
2193
2209
2142
2226
2226
2260
2299
2175
2391
2299
2287
2267
2233
2291
2112
2225
2225
2178
2201
2277
2149
2280
2235
2142
2176
2204
2184
2172
2244
2272
2223
2144
2119
2189
2058
2154
2173
2173
2252
2269
2249
2186
2160
2232
2150
2116
2271
2209
2236
2202
2190
2231
2081
2160
2188
2237
2190
2211
2259
2212
2260
2147
2114
2181
2232
2141
2177
2216
2233
2188
2371
2130
2234
2204
2225
2159
2252
2252
2076
2315
2378
2136
2168
2130
2090
2073
2172
2207
2149
2093
2186
2314
2211
2189
2303
2205
2212
2222
2273
2176
2299
2292
2363
2263
2202
2213
2244
2260
2253
2278
2214
2329
2157
2183
2369
2354
2186
2148
2176
2215
2313
2270
2163
2323
2282
2319
2293
2332
2241
2321
2292
2270
2285
2335
2243
2056
2330
2261
2176
2325
2237
2165
2421
2310
2231
2215
2307
2377
2355
2281
2179
2234
2301
2309
2277
2305
2271
2386
2280
2241
2261
2240
2342
2215
2315
2210
2273
2119
2323
2263
2311
2313
2268
2294
2365
2332
2319
2285
2396
2377
2235
2299
2231
2296
2376
2210
2323
2276
2334
2411
2307
2323
2364
2354
2254
2341
2283
2297
2260
2243
2330
2279
2244
2296
2303
2379
2341
2366
2195
2293
2282
2262
2270
2419
2353
2293
2358
2235
2287
2158
2270
2282
2295
2315
2317
2426
2416
2291
2363
2418
2362
2339
2243
2308
2301
2414
2313
2333
2277
2246
2413
2268
2341
2256
2383
2413
2310
2328
2362
2524
2345
2324
2262
2287
2313
2247
2251
2322
2402
2227
2278
2318
2362
2394
2387
2327
2451
2337
2401
2447
2352
2303
2341
2442
2330
2337
2301
2377
2375
2334
2433
2303
2405
2233
2402
2396
2356
2383
2380
2417
2355
2424
2400
2178
2345
2408
2242
2405
2349
2420
2338
2404
2536
2468
2366
2268
2506
2375
2299
2412
2384
2320
2348
2329
2473
2383
2423
2372
2302
2390
2404
2420
2302
2385
2281
2292
2490
2468
2452
2445
2314
2336
2219
2374
2435
2331
2426
2371
2389
2341
2354
2459
2376
2357
2421
2307
2412
2445
2336
2398
2362
2306
2407
2396
2376
2344
2381
2405
2367
2247
2315
2414
2394
2477
2348
2254
2475
2338
2458
2411
2476
2346
2367
2570
2305
2350
2358
2431
2457
2450
2336
2452
2532
2518
2289
2350
2461
2406
2429
2440
2384
2374
2392
2355
2425
2369
2313
2300
2388
2431
2337
2463
2369
2421
2347
2381
2390
2398
2511
2457
2531
2391
2464
2486
2296
2460
2412
2396
2534
2415
2485
2475
2361
2571
2430
2500
2357
2481
2356
2433
2471
2398
2487
2362
2425
2427
2460
2470
2375
2422
2448
2347
2397
2379
2447
2259
2440
2462
2313
2368
2455
2465
2364
2438
2420
2439
2454
2428
2443
2619
2406
2442
2413
2485
2493
2295
2515
2409
2443
2535
2592
2459
2363
2511
2522
2429
2363
2466
2459
2259
2404
2500
2463
2555
2465
2366
2476
2477
2448
2465
2295
2556
2434
2436
2559
2429
2450
2474
2483
2393
2397
2448
2497
2417
2386
2479
2497
2413
2407
2539
2504
2451
2492
2445
2461
2507
2558
2489
2420
2521
2368
2484
2521
2411
2546
2531
2606
2583
2408
2412
2415
2465
2602
2519
2342
2424
2491
2444
2552
2573
2451
2361
2459
2455
2479
2570
2503
2452
2695
2465
2533
2351
2249
2458
2533
2458
2508
2492
2484
2520
2570
2454
2468
2457
2471
2509
2541
2584
2478
2445
2515
2465
2544
2385
2476
2514
2566
2504
2487
2421
2549
2523
2590
2492
2502
2453
2342
2529
2472
2494
2587
2473
2583
2376
2503
2568
2468
2473
2572
2543
2573
2485
2507
2501
2533
2522
2433
2602
2439
2475
2541
2452
2518
2459
2393
2490
2390
2535
2431
2525
2515
2569
2404
2512
2630
2621
2544
2568
2527
2446
2434
2534
2522
2578
2459
2550
2459
2566
2554
2536
2507
2564
2525
2467
2554
2520
2584
2441
2547
2415
2435
2536
2539
2390
2636
2361
2554
2647
2507
2416
2581
2492
2506
2603
2648
2519
2398
2533
2549
2526
2487
2522
2523
2596
2445
2575
2477
2511
2508
2545
2474
2579
2542
2571
2438
2562
2600
2502
2622
2630
2602
2455
2472
2560
2518
2532
2647
2545
2536
2440
2530
2550
2567
2557
2427
2544
2532
2539
2534
2631
2568
2692
2552
2548
2586
2713
2572
2550
2580
2631
2603
2537
2475
2565
2352
2551
2599
2450
2463
2628
2477
2599
2546
2560
2575
2639
2558
2610
2496
2432
2562
2594
2620
2505
2477
2473
2607
2461
2605
2540
2536
2546
2596
2577
2748
2530
2581
2679
2434
2470
2626
2719
2614
2489
2540
2590
2512
2409
2485
2538
2625
2713
2652
2620
2675
2619
2660
2607
2671
2694
2564
2585
2579
2533
2560
2607
2565
2621
2579
2547
2576
2614
2594
2711
2604
2646
2682
2475
2627
2642
2505
2610
2520
2660
2564
2654
2470
2588
2564
2493
2519
2707
2728
2684
2493
2619
2543
2593
2516
2588
2461
2545
2451
2649
2705
2641
2594
2564
2568
2550
2714
2612
2688
2691
2453
2459
2668
2652
2602
2571
2563
2462
2603
2650
2644
2660
2604
2733
2579
2582
2563
2739
2599
2473
2564
2677
2545
2656
2651
2676
2629
2523
2713
2575
2600
2751
2551
2574
2568
2580
2509
2617
2626
2586
2730
2650
2749
2443
2606
2497
2641
2535
2527
2636
2633
2550
2632
2801
2584
2540
2585
2643
2544
2604
2587
2580
2614
2635
2596
2589
2603
2644
2651
2586
2496
2663
2639
2621
2626
2626
2655
2499
2537
2395
2591
2585
2542
2590
2474
2543
2622
2660
2520
2667
2623
2559
2471
2700
2594
2674
2565
2599
2567
2609
2600
2618
2679
2666
2586
2688
2678
2512
2689
2722
2634
2524
2545
2604
2597
2667
2560
2571
2479
2614
2597
2567
2696
2602
2587
2622
2596
2640
2514
2597
2582
2654
2572
2551
2615
2664
2551
2661
2673
2519
2593
2504
2542
2660
2539
2584
2472
2585
2630
2537
2573
2571
2599
2575
2716
2612
2543
2523
2544
2495
2614
2691
2668
2568
2622
2623
2683
2517
2622
2569
2601
2587
2661
2591
2640
2667
2552
2621
2647
2659
2493
2617
2644
2598
2645
2713
2640
2587
2567
2561
2643
2628
2672
2624
2617
2664
2742
2671
2586
2540
2587
2750
2594
2646
2524
2661
2572
2597
2660
2561
2653
2644
2668
2687
2620
2584
2641
2722
2688
2564
2551
2592
2623
2661
2717
2700
2718
2569
2518
2602
2735
2744
2613
2645
2639
2690
2734
2744
2554
2621
2610
2549
2716
2562
2706
2562
2778
2520
2693
2679
2712
2562
2694
2602
2671
2626
2596
2622
2705
2645
2489
2562
2603
2664
2656
2718
2647
2612
2661
2590
2678
2656
2638
2622
2619
2562
2564
2564
2655
2697
2669
2708
2624
2676
2615
2737
2470
2565
2641
2698
2582
2513
2554
2655
2733
2638
2630
2625
2733
2581
2648
2647
2780
2534
2650
2659
2620
2639
2600
2546
2705
2575
2685
2649
2493
2571
2703
2766
2606
2631
2578
2706
2638
2614
2581
2524
2659
2559
2689
2565
2626
2588
2706
2545
2704
2720
2869
2594
2705
2724
2682
2794
2678
2700
2795
2700
2692
2651
2686
2733
2742
2477
2539
2610
2639
2663
2712
2628
2626
2742
2675
2716
2685
2769
2668
2598
2524
2626
2560
2745
2609
2553
2626
2639
2612
2483
2576
2690
2658
2688
2708
2663
2590
2457
2695
2662
2689
2683
2524
2614
2626
2640
2666
2607
2687
2602
2600
2698
2673
2766
2644
2530
2597
2654
2497
2596
2678
2635
2645
2634
2660
2652
2626
2590
2627
2657
2766
2559
2676
2679
2602
2680
2585
2612
2620
2618
2680
2641
2589
2688
2648
2667
2648
2706
2679
2692
2581
2585
2642
2638
2662
2619
2635
2574
2558
2609
2675
2596
2638
2601
2678
2576
2672
2621
2718
2696
2578
2649
2679
2637
2638
2689
2603
2656
2624
2731
2657
2717
2606
2679
2654
2684
2660
2543
2725
2569
2562
2665
2733
2597
2711
2631
2602
2631
2758
2704
2573
2701
2763
2650
2552
2690
2585
2617
2550
2663
2585
2662
2643
2609
2690
2636
2716
2745
2695
2647
2626
2784
2714
2673
2646
2553
2749
2588
2717
2682
2553
2754
2588
2687
2734
2703
2672
2621
2751
2597
2551
2804
2653
2548
2525
2555
2599
2560
2638
2699
2609
2634
2607
2686
2739
2572
2699
2655
2598
2705
2503
2637
2642
2625
2656
2537
2500
2648
2754
2568
2708
2656
2795
2753
2727
2729
2741
2694
2678
2560
2535
2678
2571
2602
2642
2770
2593
2723
2583
2651
2578
2722
2777
2721
2660
2572
2734
2756
2653
2611
2633
2642
2680
2705
2574
2642
2718
2605
2699
2536
2766
2571
2637
2665
2755
2628
2686
2682
2614
2665
2617
2547
2653
2465
2513
2662
2628
2608
2655
2613
2680
2642
2626
2548
2653
2719
2689
2667
2752
2564
2725
2578
2490
2525
2797
2673
2528
2506
2678
2514
2757
2728
2755
2746
2603
2792
2688
2597
2719
2621
2598
2691
2594
2532
2639
2613
2553
2548
2698
2664
2476
2715
2601
2644
2669
2679
2650
2519
2597
2846
2479
2690
2474
2558
2642
2595
2701
2605
2597
2804
2637
2670
2731
2818
2546
2684
2819
2639
2662
2655
2680
2507
2599
2698
2492
2651
2717
2674
2673
2620
2607
2709
2640
2660
2621
2751
2724
2557
2676
2656
2593
2560
2688
2592
2557
2646
2675
2736
2645
2683
2627
2727
2709
2639
2523
2686
2536
2602
2589
2646
2582
2715
2584
2591
2513
2674
2469
2686
2632
2629
2709
2726
2647
2752
2537
2682
2727
2744
2585
2620
2482
2732
2500
2582
2660
2637
2612
2679
2723
2677
2656
2651
2607
2591
2517
2581
2593
2537
2616
2694
2633
2719
2547
2684
2589
2689
2516
2712
2733
2651
2637
2711
2749
2747
2623
2610
2658
2673
2601
2632
2730
2643
2533
2631
2502
2520
2569
2569
2670
2544
2647
2655
2542
2668
2550
2594
2582
2454
2601
2547
2657
2646
2698
2635
2527
2589
2640
2650
2644
2693
2772
2587
2419
2502
2717
2555
2641
2562
2578
2651
2609
2695
2630
2639
2675
2650
2765
2547
2636
2604
2482
2501
2626
2534
2626
2578
2650
2654
2712
2657
2571
2700
2597
2528
2652
2707
2666
2513
2620
2543
2575
2565
2708
2630
2622
2673
2748
2725
2769
2676
2763
2745
2502
2612
2587
2632
2628
2600
2701
2637
2595
2652
2686
2553
2664
2632
2580
2714
2585
2683
2818
2576
2569
2739
2662
2603
2654
2581
2489
2577
2547
2709
2650
2636
2627
2574
2600
2647
2639
2646
2598
2629
2559
2590
2641
2637
2637
2558
2585
2693
2552
2672
2576
2660
2660
2733
2753
2536
2624
2487
2573
2594
2521
2654
2407
2603
2640
2530
2661
2555
2734
2509
2616
2755
2529
2546
2657
2466
2533
2507
2631
2484
2569
2649
2592
2550
2554
2657
2558
2550
2599
2660
2612
2657
2589
2515
2582
2669
2612
2566
2632
2581
2591
2713
2598
2544
2608
2676
2520
2645
2667
2638
2729
2583
2497
2671
2649
2635
2643
2759
2645
2561
2509
2547
2744
2493
2467
2617
2642
2648
2641
2453
2564
2534
2567
2601
2636
2567
2663
2634
2490
2562
2646
2532
2642
2589
2547
2645
2537
2574
2489
2586
2636
2622
2616
2485
2622
2602
2655
2605
2569
2768
2473
2674
2633
2598
2570
2610
2583
2659
2600
2525
2710
2507
2663
2619
2497
2635
2685
2679
2618
2646
2600
2429
2586
2617
2494
2688
2622
2639
2592
2727
2669
2563
2627
2647
2646
2624
2451
2515
2559
2445
2545
2491
2513
2639
2593
2557
2610
2543
2489
2626
2503
2620
2545
2506
2486
2503
2551
2625
2575
2558
2608
2475
2600
2674
2616
2442
2623
2490
2546
2418
2462
2548
2426
2618
2519
2536
2482
2684
2559
2480
2610
2506
2505
2661
2525
2606
2491
2592
2606
2630
2609
2576
2570
2663
2521
2642
2558
2628
2572
2532
2551
2559
2530
2595
2505
2660
2544
2581
2568
2428
2578
2629
2608
2556
2616
2484
2681
2634
2549
2585
2577
2388
2548
2523
2507
2557
2525
2479
2676
2581
2581
2660
2500
2645
2483
2599
2510
2666
2412
2523
2581
2401
2618
2570
2584
2568
2448
2503
2546
2567
2571
2585
2511
2449
2505
2461
2586
2473
2548
2477
2478
2536
2570
2590
2617
2514
2575
2570
2462
2498
2613
2502
2496
2478
2589
2570
2562
2632
2407
2472
2406
2500
2568
2536
2521
2504
2520
2607
2392
2540
2633
2569
2686
2734
2546
2642
2517
2519
2642
2477
2588
2619
2518
2473
2512
2555
2582
2479
2584
2683
2464
2539
2461
2558
2587
2724
2481
2750
2575
2516
2460
2584
2592
2524
2530
2579
2453
2636
2452
2487
2535
2517
2467
2638
2556
2467
2568
2510
2530
2502
2556
2468
2635
2548
2556
2460
2475
2497
2638
2600
2437
2581
2539
2578
2678
2491
2478
2509
2433
2607
2560
2482
2536
2532
2422
2462
2481
2508
2527
2494
2618
2456
2528
2617
2613
2594
2486
2443
2422
2628
2597
2437
2645
2643
2536
2479
2423
2534
2553
2611
2540
2529
2466
2485
2444
2452
2486
2494
2586
2522
2476
2434
2573
2595
2525
2435
2482
2506
2475
2442
2582
2532
2546
2425
2441
2469
2463
2506
2506
2562
2543
2588
2568
2533
2474
2467
2584
2601
2558
2572
2415
2571
2423
2493
2561
2533
2555
2426
2460
2532
2618
2384
2455
2478
2507
2479
2536
2485
2526
2494
2452
2516
2575
2466
2507
2512
2540
2451
2576
2555
2573
2495
2513
2451
2521
2472
2462
2465
2373
2594
2444
2434
2491
2466
2600
2482
2476
2489
2545
2536
2595
2527
2529
2716
2646
2418
2461
2486
2555
2557
2523
2434
2524
2378
2460
2492
2479
2477
2447
2501
2491
2632
2473
2522
2468
2610
2538
2580
2395
2341
2590
2497
2502
2504
2535
2606
2340
2493
2495
2494
2315
2411
2509
2472
2498
2626
2473
2493
2454
2536
2491
2575
2637
2451
2525
2492
2566
2445
2545
2457
2416
2409
2476
2445
2476
2469
2494
2514
2408
2540
2561
2516
2524
2475
2553
2450
2496
2371
2473
2437
2405
2396
2371
2422
2480
2478
2429
2537
2445
2429
2431
2450
2436
2505
2530
2495
2445
2470
2622
2523
2393
2339
2390
2431
2411
2433
2524
2423
2580
2586
2476
2395
2412
2555
2385
2466
2603
2455
2419
2409
2401
2474
2614
2468
2434
2389
2543
2478
2540
2435
2635
2487
2529
2486
2435
2518
2444
2443
2421
2327
2411
2336
2426
2436
2499
2385
2344
2477
2415
2518
2588
2385
2321
2462
2374
2360
2457
2539
2230
2384
2367
2358
2548
2417
2383
2466
2406
2332
2376
2356
2583
2403
2519
2539
2446
2348
2442
2382
2463
2461
2458
2404
2432
2405
2471
2428
2532
2418
2506
2436
2418
2345
2468
2334
2483
2384
2273
2395
2371
2477
2525
2392
2391
2361
2460
2424
2480
2467
2379
2366
2434
2455
2446
2375
2515
2432
2233
2439
2490
2414
2360
2439
2510
2445
2486
2423
2428
2424
2331
2402
2415
2454
2414
2406
2384
2475
2282
2395
2375
2293
2466
2388
2324
2447
2482
2336
2349
2344
2380
2334
2375
2413
2449
2343
2452
2493
2351
2485
2365
2355
2466
2268
2376
2477
2373
2399
2337
2404
2383
2422
2447
2430
2343
2464
2367
2417
2408
2302
2343
2394
2418
2431
2392
2378
2407
2425
2230
2420
2441
2349
2490
2409
2334
2385
2362
2361
2310
2432
2290
2327
2404
2440
2413
2327
2397
2477
2381
2356
2321
2433
2391
2435
2194
2357
2292
2378
2349
2406
2308
