1347
1468
1325
1365
1394
1384
1468
1419
1360
1337
1378
1537
1388
1473
1485
1395
1413
1537
1396
1480
1343
1352
1459
1357
1435
1434
1411
1337
1460
1433
1465
1300
1377
1406
1316
1384
1418
1430
1472
1325
1404
1371
1512
1397
1534
1387
1512
1397
1381
1440
1439
1379
1481
1356
1463
1414
1379
1475
1404
1492
1311
1476
1424
1430
1393
1468
1455
1437
1433
1477
1494
1315
1407
1415
1418
1529
1427
1377
1490
1493
1591
1467
1458
1483
1414
1494
1459
1411
1473
1490
1506
1395
1424
1498
1396
1508
1445
1501
1570
1375
1546
1385
1419
1439
1419
1474
1513
1398
1562
1482
1479
1422
1355
1497
1452
1531
1547
1486
1523
1466
1393
1355
1585
1541
1545
1506
1514
1490
1364
1523
1494
1494
1475
1503
1487
1499
1553
1523
1481
1571
1474
1524
1429
1540
1581
1591
1441
1552
1517
1394
1401
1465
1410
1457
1440
1482
1474
1534
1515
1453
1437
1558
1499
1448
1551
1602
1494
1541
1541
1673
1466
1497
1580
1554
1508
1532
1502
1612
1494
1497
1498
1504
1467
1559
1572
1581
1608
1533
1596
1612
1454
1585
1589
1620
1583
1546
1503
1474
1559
1595
1524
1580
1495
1550
1461
1570
1415
1476
1575
1490
1523
1553
1636
1427
1535
1515
1465
1554
1499
1611
1596
1539
1573
1427
1552
1507
1487
1512
1493
1588
1454
1620
1600
1558
1550
1463
1539
1500
1558
1499
1482
1560
1614
1609
1572
1459
1554
1508
1622
1565
1439
1636
1514
1641
1524
1627
1668
1600
1591
1520
1522
1564
1547
1444
1548
1558
1491
1529
1653
1544
1602
1663
1510
1581
1551
1507
1646
1581
1497
1649
1606
1546
1578
1557
1613
1509
1421
1555
1633
1543
1567
1511
1669
1546
1629
1595
1620
1644
1634
1656
1541
1522
1520
1624
1562
1607
1619
1569
1645
1489
1660
1485
1648
1656
1647
1508
1556
1599
1589
1481
1591
1454
1506
1519
1590
1580
1553
1631
1557
1604
1633
1599
1553
1609
1489
1608
1716
1569
1668
1598
1540
1613
1688
1651
1573
1594
1587
1643
1592
1637
1587
1754
1679
1678
1610
1701
1669
1625
1575
1614
1578
1568
1625
1669
1604
1539
1576
1581
1582
1528
1669
1611
1611
1621
1709
1743
1630
1647
1627
1602
1609
1746
1674
1672
1632
1535
1532
1661
1767
1725
1614
1649
1520
1645
1616
1636
1610
1648
1714
1568
1625
1644
1703
1777
1634
1630
1664
1528
1704
1613
1655
1721
1740
1677
1644
1692
1652
1706
1610
1622
1757
1700
1706
1596
1691
1713
1665
1610
1569
1563
1675
1578
1676
1745
1725
1587
1625
1726
1699
1645
1634
1600
1615
1614
1771
1721
1631
1678
1676
1748
1673
1576
1620
1565
1688
1727
1705
1736
1589
1580
1646
1704
1647
1709
1762
1726
1663
1624
1677
1826
1680
1666
1653
1700
1580
1576
1611
1770
1631
1608
1710
1718
1698
1685
1720
1679
1671
1706
1511
1610
1740
1751
1676
1635
1637
1607
1714
1685
1662
1763
1631
1706
1802
1672
1579
1777
1727
1718
1671
1732
1668
1670
1753
1700
1646
1559
1646
1551
1728
1619
1747
1641
1735
1633
1655
1785
1743
1736
1718
1687
1683
1761
1755
1792
1755
1697
1737
1672
1832
1749
1723
1731
1737
1746
1624
1621
1780
1745
1776
1716
1825
1682
1756
1819
1625
1773
1750
1680
1788
1731
1683
1753
1717
1684
1724
1749
1628
1738
1648
1714
1748
1640
1693
1657
1688
1673
1618
1687
1727
1634
1811
1815
1767
1701
1740
1897
1725
1733
1848
1704
1740
1833
1770
1732
1740
1701
1853
1759
1882
1707
1657
1750
1601
1781
1818
1825
1754
1617
1738
1625
1807
1763
1712
1731
1822
1857
1870
1844
1765
1732
1729
1736
1831
1655
1717
1863
1764
1826
1703
1733
1814
1830
1731
1743
1761
1671
1851
1812
1786
1735
1897
1732
1797
1815
1842
1799
1717
1743
1621
1780
1843
1629
1858
1834
1832
1795
1833
1754
1860
1743
1816
1768
1751
1796
1855
1796
1868
1816
1714
1817
1766
1743
1815
1756
1930
1825
1806
1882
1844
1928
1848
1812
1886
1927
1929
1716
1785
1779
1883
1805
1741
1737
1832
1636
1814
1804
1892
1808
1747
1904
1766
1921
1966
1883
1873
1855
1883
1916
1847
1816
1675
1794
1845
1816
1824
1911
1866
1842
1885
1816
1832
1888
1899
1873
1826
1810
1759
1787
1772
1877
1847
1739
1778
1957
1795
1771
1816
1810
1751
1896
1855
1845
1917
1878
1829
1939
1879
1962
1823
1689
1876
1741
1828
1797
1813
1844
1783
1877
1779
1790
1830
1789
1886
1856
1899
1914
1894
1841
1863
1857
1898
1824
1938
1923
1918
1846
1932
1833
1788
1894
1900
1865
1991
1841
1897
1925
1888
1747
1801
1870
1705
1801
1886
1872
1907
1854
1848
1875
1835
1844
1899
1915
1891
1921
2003
1912
1969
1909
2015
1880
1842
1838
1804
1812
1841
1929
1993
1837
1825
1940
1978
1898
1991
1957
1831
1991
1904
1995
1910
1860
1853
1833
1927
1852
1869
1914
1916
1869
1935
1947
1939
2079
1983
1915
1830
1788
1973
1914
1946
1775
1940
1884
1823
1925
1890
1867
1860
1983
1997
1928
1886
1934
1812
1943
1908
1794
1901
1839
1863
1971
1934
2031
1849
1919
1888
1819
1945
1981
1933
1949
1938
1889
1918
1953
1945
1913
1963
1914
1927
1972
1830
1927
1953
1993
2000
1886
2023
1886
1903
1779
1938
1911
1872
1888
1899
1912
1910
1967
1917
1955
1841
1819
1914
1974
1858
1890
1864
1884
1885
1911
2108
2006
1844
1938
1907
1936
1995
1975
1903
1865
1978
1922
2005
1881
2067
1867
1919
1916
1906
1881
1874
1978
1921
2013
1982
1983
1918
1865
1931
1993
1928
1890
1976
2052
1969
2026
1879
1908
1979
1880
1799
1976
1870
2025
1901
1915
1963
1999
1903
1958
2042
2070
1990
2069
1967
1934
1988
1872
1985
1841
1992
1982
1967
1953
1928
1918
1916
2025
1921
2024
1964
1908
2002
2022
1835
2012
2017
1982
1892
2047
2007
2034
2010
1966
2091
1916
2060
2005
2149
2085
2046
1959
1923
1935
1931
2072
2017
2030
2024
2022
1951
2099
1957
2091
1981
1950
2034
2022
1979
1919
1994
2071
1986
2015
2057
2161
2022
2068
2000
1983
2055
2050
2067
1946
1994
1931
1929
1989
2004
1958
2087
2036
1940
1922
2082
2083
2003
2089
2131
2006
2070
2064
2011
1854
2103
2028
1984
1914
2015
1958
2049
1964
2078
1944
2001
1996
2004
2059
1968
2072
1992
2013
1995
2093
1972
2009
2085
2061
1993
2046
2037
2011
1983
1985
2074
1898
2019
2251
2108
2050
2098
2112
2020
2145
1992
2093
2034
2064
2023
2048
1957
2049
2020
2060
2006
2090
2000
2011
2043
1993
2064
1994
2080
2081
2129
2037
2106
2064
2027
2053
2130
2055
2033
2085
2156
2024
2058
2128
1997
2017
1998
1959
1951
2121
2104
2014
1930
1988
2036
2088
1996
2115
1971
2092
2121
2142
2181
2022
2102
1986
2050
2022
2016
2203
2093
2037
2138
2044
2096
2032
1989
2152
2094
2071
2112
2160
2033
2164
2182
2089
2093
2089
2084
2131
2065
2012
2046
2178
2049
2116
2074
2170
2088
2090
2066
2103
1936
2072
1955
2044
2038
2140
2081
2167
2045
2059
2137
2058
2095
2111
2231
2014
2135
2111
1978
2051
2078
2079
2162
2110
2141
2108
2071
2079
2017
2076
2043
2013
2101
2091
2066
2027
2145
2051
2147
2070
2253
2133
2110
1952
1999
2192
2120
2103
2151
2331
2171
2237
2218
2146
2153
2087
2106
2131
2143
2041
2031
2084
2125
2119
2155
2087
2085
2227
2122
2189
2204
2163
2184
2136
2061
2135
2162
2116
2070
2185
2121
2033
2157
2137
2203
2170
2114
2100
2070
2261
2073
2125
2140
2122
2097
2185
2108
2080
2093
2095
2166
2083
2177
2035
2164
2162
2219
2113
2233
2153
2275
2040
2111
2132
2111
2117
2072
2193
2101
2213
2204
2119
2205
2090
2177
2071
2142
2176
2136
2304
2166
2303
2144
2140
2325
2180
2207
2192
2187
2139
2129
2110
2180
2171
2116
2299
2264
2132
2095
2221
2145
2165
2155
2167
2245
2151
2139
2103
2271
2196
2235
2155
2174
2096
2145
2151
2195
2185
2218
2253
2130
2142
2173
2151
2154
2251
2159
2185
2206
2167
2087
2098
2135
2185
2117
2222
2157
2081
2237
2134
2231
2234
2167
2145
2225
2316
2228
2229
2189
2108
2097
2143
2156
2242
2235
2173
2148
2230
2192
2198
2209
2353
2135
2253
2162
2183
2282
2317
2249
2123
2215
2182
2265
2137
2118
2245
2176
2068
2261
2138
2192
2205
2202
2218
2221
2185
2350
2205
2221
2183
2312
2225
2161
2091
2215
2115
2137
2199
2242
2180
2304
2249
2243
2239
2245
2293
2337
2072
2169
2157
2228
2169
2162
2303
2299
2292
2162
2170
2083
2207
2229
2192
2220
2265
2156
2222
2224
2213
2296
2274
2120
2120
2234
2198
2164
2313
2169
2219
2218
2235
2304
2261
2260
2293
2253
2157
2414
2250
2323
2221
2310
2253
2155
2199
2165
2181
2196
2300
2269
2225
2347
2269
2264
2156
2226
2288
2194
2258
2250
2166
2270
2200
2155
2224
2293
2120
2200
2315
2323
2231
2190
2198
2243
2207
2231
2234
2186
2267
2307
2229
2304
2225
2274
2139
2276
2289
2237
2290
2330
2299
2257
2204
2232
2195
2339
2447
2196
2290
2183
2140
2269
2370
2329
2219
2241
2239
2300
2244
2185
2392
2258
2295
2388
2318
2239
2352
2346
2246
2228
2275
2210
2156
2275
2249
2269
2261
2226
2258
2432
2357
2357
2253
2326
2359
2225
2371
2295
2229
2234
2261
2264
2204
2163
2169
2222
2198
2259
2252
2367
2322
2318
2304
2275
2317
2265
2144
2278
2176
2256
2243
2393
2296
2426
2201
2292
2080
2384
2211
2359
2335
2284
2341
2217
2296
2424
2313
2324
2288
2291
2346
2346
2280
2327
2293
2276
2393
2438
2439
2395
2330
2416
2265
2475
2284
2267
2444
2486
2370
2467
2385
2416
2188
2363
2306
2373
2386
2306
2211
2391
2289
2331
2350
2232
2192
2179
2436
2268
2196
2280
2133
2344
2373
2285
2369
2296
2370
2356
2291
2444
2216
2386
2359
2329
2175
2277
2347
2322
2258
2392
2344
2380
2427
2214
2303
2356
2376
2418
2329
2324
2157
2301
2248
2219
2306
2329
2317
2251
2298
2367
2389
2244
2374
2348
2337
2262
2350
2386
2218
2365
2481
2235
2332
2302
2342
2317
2465
2419
2507
2338
2376
2293
2209
2358
2295
2340
2398
2232
2342
2396
2354
2344
2304
2467
2426
2415
2430
2332
2363
2393
2309
2393
2443
2263
2360
2431
2213
2374
2404
2303
2263
2386
2325
2347
2294
2329
2287
2285
2361
2402
2358
2243
2255
2361
2375
2312
2297
2237
2289
2509
2331
2436
2362
2401
2269
2285
2265
2488
2452
2389
2314
2317
2302
2282
2348
2243
2363
2291
2258
2319
2258
2436
2310
2416
2461
2363
2461
2445
2230
2304
2373
2283
2308
2397
2474
2308
2402
2350
2425
2361
2456
2261
2283
2361
2289
2361
2266
2245
2424
2294
2418
2370
2303
2285
2304
2279
2314
2447
2388
2341
2358
2384
2317
2297
2268
2380
2273
2267
2252
2291
2229
2234
2382
2258
2430
2253
2408
2293
2428
2372
2360
2386
2411
2410
2262
2249
2336
2272
2449
2363
2416
2240
2309
2336
2377
2251
2290
2410
2339
2396
2407
2441
2354
2322
2481
2325
2348
2407
2322
2284
2313
2348
2354
2354
2227
2357
2306
2391
2462
2373
2339
2236
2338
2366
2296
2394
2395
2278
2390
2318
2490
2357
2254
2350
2485
2330
2364
2391
2383
2387
2283
2415
2269
2338
2370
2281
2324
2368
2453
2472
2427
2310
2368
2306
2413
2426
2330
2447
2296
2433
2329
2295
2359
2244
2416
2383
2400
2328
2483
2263
2334
2467
2289
2270
2374
2345
2373
2547
2427
2359
2409
2408
2345
2325
2338
2316
2328
2420
2245
2344
2393
2285
2384
2370
2329
2466
2435
2423
2543
2445
2358
2473
2247
2326
2366
2476
2360
2335
2275
2409
2323
2352
2338
2422
2324
2376
2378
2404
2319
2426
2429
2338
2182
2271
2384
2373
2336
2356
2345
2304
2281
2459
2355
2407
2294
2404
2297
2365
2354
2511
2402
2377
2281
2381
2415
2366
2315
2409
2268
2364
2345
2348
2452
2396
2462
2307
2418
2386
2386
2471
2239
2320
2412
2484
2303
2526
2274
2364
2556
2421
2421
2455
2345
2425
2345
2420
2392
2382
2438
2341
2248
2371
2430
2461
2420
2349
2382
2387
2383
2451
2261
2420
2352
2396
2324
2337
2412
2387
2502
2356
2383
2425
2499
2364
2477
2372
2243
2250
2340
2414
2429
2382
2372
2401
2333
2444
2361
2438
2347
2359
2373
2356
2433
2485
2404
2397
2427
2401
2421
2323
2377
2356
2373
2472
2406
2435
2508
2304
2387
2392
2394
2383
2381
2329
2395
2490
2375
2408
2411
2415
2445
2440
2418
2373
2318
2368
2430
2379
2235
2481
2397
2450
2458
2431
2634
2472
2488
2447
2296
2421
2353
2247
2397
2290
2377
2304
2397
2383
2330
2448
2439
2387
2422
2518
2401
2420
2429
2374
2344
2449
2391
2299
2261
2343
2404
2478
2463
2450
2404
2310
2290
2456
2273
2448
2404
2436
2453
2503
2288
2491
2463
2459
2417
2310
2459
2413
2418
2394
2371
2348
2411
2433
2286
2436
2322
2315
2479
2476
2446
2453
2452
2402
2409
2366
2408
2364
2457
2312
2322
2252
2416
2265
2435
2376
2471
2273
2410
2468
2356
2352
2442
2447
2487
2478
2352
2427
2414
2292
2380
2468
2360
2400
2249
2400
2423
2549
2372
2380
2458
2316
2401
2369
2407
2277
2474
2468
2413
2491
2427
2386
2511
2389
2463
2450
2389
2415
2317
2394
2449
2388
2290
2412
2408
2443
2463
2440
2412
2447
2362
2372
2299
2333
2412
2271
2218
2537
2367
2558
2378
2363
2406
2439
2442
2337
2451
2404
2463
2351
2348
2240
2299
2369
2348
2321
2402
2460
2336
2440
2379
2318
2373
2408
2315
2295
2345
2370
2358
2380
2495
2313
2353
2422
2397
2445
2446
2258
2438
2388
2404
2314
2460
2308
2417
2432
2344
2537
2462
2315
2495
2359
2310
2473
2359
2350
2467
2349
2420
2411
2446
2300
2320
2401
2512
2248
2418
2495
2403
2346
2453
2406
2460
2383
2487
2344
2414
2465
2294
2499
2364
2461
2364
2448
2419
2404
2425
2433
2404
2317
2461
2454
2485
2375
2436
2414
2422
2310
2363
2507
2279
2398
2312
2332
2411
2495
2390
2281
2368
2433
2237
2355
2310
2329
2482
2417
2338
2270
2353
2331
2313
2442
2471
2340
2332
2326
2476
2408
2374
2449
2431
2442
2403
2347
2406
2324
2365
2440
2347
2305
2353
2347
2362
2407
2391
2514
2382
2501
2345
2395
2380
2349
2440
2449
2379
2323
2372
2387
2301
2423
2302
2271
2445
2205
2351
2336
2449
2277
2263
2347
2521
2463
2391
2530
2360
2498
2275
2454
2272
2243
2343
2427
2342
2370
2445
2391
2509
2485
2309
2549
2398
2428
2371
2351
2412
2497
2418
2322
2375
2382
2285
2295
2418
2471
2480
2433
2378
2308
2324
2400
2381
2364
2476
2433
2379
2321
2373
2376
2432
2441
2425
2368
2351
2512
2189
2467
2323
2430
2451
2461
2428
2352
2365
2392
2331
2205
2554
2409
2289
2460
2436
2341
2440
2333
2421
2297
2400
2417
2433
2364
2251
2382
2411
2419
2339
2305
2401
2255
2385
2376
2389
2386
2483
2357
2352
2414
2492
2365
2312
2393
2406
2433
2425
2283
2199
2420
2345
2277
2318
2357
2453
2412
2333
2437
2260
2492
2297
2304
2263
2278
2348
2312
2439
2327
2323
2469
2389
2282
2335
2420
2347
2359
2435
2310
2381
2397
2341
2530
2383
2293
2422
2220
2389
2421
2448
2344
2383
2368
2244
2400
2340
2288
2314
2378
2353
2438
2303
2322
2344
2273
2445
2399
2400
2308
2462
2174
2379
2408
2392
2321
2363
2306
2423
2499
2403
2454
2484
2354
2382
2364
2363
2328
2382
2349
2338
2412
2344
2417
2423
2345
2425
2255
2389
2279
2492
2392
2293
2318
2312
2453
2418
2255
2403
2349
2364
2400
2247
2311
2311
2345
2442
2404
2341
2426
2377
2315
2347
2448
2256
2277
2280
2273
2285
2206
2358
2360
2349
2265
2251
2332
2456
2461
2372
2323
2408
2430
2426
2298
2366
2384
2258
2350
2282
2262
2285
2341
2340
2337
2289
2410
2258
2427
2351
2308
2262
2281
2372
2451
2490
2374
2370
2241
2367
2299
2401
2284
2438
2347
2467
2314
2368
2322
2263
2476
2335
2317
2413
2255
2293
2409
2374
2372
2345
2368
2259
2439
2288
2387
2330
2317
2307
2355
2265
2471
2286
2411
2332
2346
2416
2252
2413
2300
2471
2382
2324
2333
2345
2307
2296
2284
2469
2290
2376
2277
2505
2394
2218
2380
2313
2249
2332
2251
2364
2402
2373
2324
2262
2391
2289
2340
2348
2372
2328
2222
2367
2407
2449
2356
2350
2353
2386
2350
2325
2359
2336
2359
2371
2318
2293
2309
2373
2374
2344
2249
2374
2437
2291
2247
2282
2292
2271
2228
2200
2329
2307
2215
2187
2381
2411
2427
2363
2242
2341
2362
2216
2368
2250
2374
2205
2477
2412
2375
2351
2329
2371
2282
2227
2412
2263
2315
2340
2366
2310
2120
2339
2397
2314
2356
2332
2352
2209
2303
2361
2330
2367
2354
2241
2315
2416
2315
2251
2336
2200
2368
2310
2294
2406
2220
2290
2277
2229
2428
2265
2182
2182
2409
2346
2326
2323
2118
2284
2318
2332
2298
2226
2273
2288
2263
2319
2345
2304
2268
2405
2322
2209
2298
2180
2384
2310
2401
2350
2231
2319
2351
2274
2307
2255
2194
2220
2280
2272
2160
2397
2301
2310
2322
2301
2267
2312
2154
2379
2265
2369
2281
2251
2251
2379
2280
2307
2341
2281
2278
2337
2282
2308
2372
2166
2260
2341
2323
2378
2218
2296
2369
2217
2397
2223
2302
2403
2293
2166
2245
2211
2364
2269
2286
2238
2128
2278
2300
2345
2241
2284
2266
2166
2257
2255
2276
2363
2159
2340
2212
2286
2254
2344
2246
2277
2243
2247
2226
2399
2282
2262
2226
2295
2330
2232
2320
2149
2177
2256
2221
2177
2337
2132
2248
2148
2444
2235
2384
2238
2285
2356
2260
2181
2205
2204
2262
2255
2200
2135
2251
2191
2252
2220
2181
2244
2257
2171
2161
2083
2207
2279
2317
2148
2278
2246
2276
2244
2261
2261
2170
2223
2309
2273
2246
2163
2140
2164
2285
2248
2147
2220
2290
2310
2194
2161
2311
2204
2228
2101
2257
2215
2213
2290
2202
2263
2308
2258
2270
2222
2263
2138
2230
2236
2185
2268
2202
2233
2298
2255
2226
2250
2259
2282
2220
2262
2176
2162
2146
2314
2175
2152
2276
2214
2330
2130
2206
2142
2283
2245
2244
2354
2266
2226
2280
2362
2191
2192
2338
2242
2265
2193
2208
2142
2257
2223
2130
2185
2106
2112
2134
2218
2244
2229
2163
2300
2364
2293
2293
2157
2184
2192
2238
2112
2146
2176
2234
2283
2215
2186
2260
2201
2217
2343
2169
2256
2243
2144
2190
2167
2132
2118
2026
2103
2224
2251
2094
2360
2241
2162
2284
2207
2233
2238
2158
2215
2254
2265
2108
2209
2128
2229
2183
2288
2143
2144
2252
2296
2334
2227
2304
2238
2133
2221
2354
2104
2240
2124
2168
2111
2152
2149
2166
2082
2186
2322
2175
2160
2228
2166
2247
2259
2181
2212
2191
2252
2163
2181
2133
2107
2126
2236
2181
2123
2177
2260
2245
2228
2249
2244
2184
2223
2247
2187
2219
2164
2138
2118
2281
2180
2133
2042
2236
2284
2094
2106
2242
2223
2230
2156
2151
2063
2239
2146
2165
2233
2240
2196
2183
2252
2233
2159
2132
2254
2174
2192
2095
2195
2212
2114
2172
2170
2235
2204
2109
2165
2219
2178
2113
2197
2109
2231
2096
2117
2248
2219
2197
2295
2305
2245
2219
2226
2258
2150
2132
2196
2054
2099
2148
2085
2269
2014
2175
2164
2277
2169
2215
2240
2178
2247
2034
2223
2315
2274
2212
2130
2200
2261
2181
2150
2124
2222
2190
2197
2242
2223
2178
2115
2319
2170
2175
2139
2184
1971
2139
2145
2168
2200
2215
2147
2252
2108
2105
2195
2098
2143
2185
2165
2094
2098
2163
2165
2267
2076
2161
2202
2167
2160
2211
2216
2188
2097
2175
2111
1950
2171
2156
2113
2129
2233
2043
2163
2180
2250
2101
2148
2153
2173
2157
2177
2230
2064
2140
2047
2165
2180
2134
2252
2104
2141
2089
2007
2074
2169
2215
2049
2112
2249
2214
2074
2212
2157
2105
2153
2121
2261
2161
2094
2116
2095
2085
2109
2045
2123
2186
2058
2060
2217
2091
2097
2080
2179
2243
2120
2062
2170
2166
2141
2212
2081
2174
2225
2166
2156
2245
2115
2079
2090
2095
2124
2097
2074
2054
2090
2098
2199
2192
2152
2041
2073
2097
2161
2103
2176
2132
2079
2061
2091
2070
2104
2068
2090
2105
2143
2141
2139
2141
2168
2052
2167
2089
2095
2162
2198
2088
2141
2035
2072
2097
2127
2194
2095
1968
2102
2154
2069
2099
2100
2042
1986
2138
2171
2121
2157
2121
2021
2105
2082
2050
1951
1994
2031
1983
2024
2043
1967
2130
2117
2045
2151
2169
2024
2071
2148
2144
2057
2114
2139
2069
1997
2069
1996
2019
1895
2122
2094
2022
2168
2112
2030
2075
2084
2091
1988
2059
1988
2062
2055
2157
2042
2043
2008
2090
2114
2156
2031
2190
2062
2086
2103
2127
2055
2072
2202
2030
2175
2092
2039
2095
2157
2055
2026
2193
2079
2111
2121
2085
2099
2017
2255
1969
1990
1995
2152
2095
1991
2211
2073
1916
2000
2037
1914
2051
1992
2086
1998
2045
2020
2015
2074
2049
2084
1948
2042
2130
2075
1994
2050
2007
2005
2116
2023
2007
2108
2081
2010
2043
1907
1994
1950
2144
1962
2007
2043
1967
1973
2021
2022
2004
2013
2022
2045
2098
2022
2046
2052
2103
2085
2066
2115
2060
2117
2062
2018
2068
2152
2115
2006
2108
2019
1943
2074
2047
2043
2107
1947
2043
2071
2012
2044
2080
1964
1916
2039
