1220
1442
1407
1345
1350
1342
1363
1438
1401
1373
1462
1497
1374
1389
1372
1413
1558
1289
1319
1441
1446
1536
1330
1388
1485
1491
1388
1485
1420
1461
1625
1464
1392
1453
1453
1529
1496
1356
1451
1377
1446
1391
1482
1448
1476
1430
1532
1459
1540
1481
1490
1419
1507
1499
1492
1379
1522
1456
1364
1444
1477
1390
1486
1376
1498
1433
1512
1556
1489
1463
1504
1599
1498
1411
1400
1493
1409
1500
1498
1417
1515
1545
1455
1330
1459
1473
1498
1570
1440
1523
1431
1323
1549
1498
1480
1524
1477
1522
1504
1458
1455
1427
1549
1378
1459
1442
1569
1498
1487
1485
1568
1524
1497
1508
1570
1558
1430
1560
1546
1498
1509
1624
1563
1489
1574
1529
1483
1396
1499
1576
1543
1530
1497
1519
1653
1614
1527
1541
1555
1414
1505
1543
1460
1622
1512
1504
1493
1487
1510
1511
1552
1495
1540
1616
1484
1449
1438
1542
1503
1525
1573
1476
1553
1594
1509
1532
1495
1554
1533
1436
1494
1591
1562
1459
1547
1523
1547
1577
1507
1527
1477
1547
1551
1544
1449
1492
1535
1704
1460
1607
1563
1547
1515
1580
1596
1469
1571
1694
1544
1603
1574
1637
1522
1495
1617
1630
1537
1481
1459
1494
1645
1620
1621
1504
1542
1537
1665
1675
1666
1565
1589
1606
1639
1590
1540
1582
1613
1436
1514
1494
1450
1456
1488
1617
1598
1625
1655
1650
1571
1605
1571
1367
1673
1509
1674
1584
1451
1644
1524
1509
1550
1601
1524
1543
1597
1686
1581
1676
1635
1672
1555
1601
1601
1513
1593
1616
1573
1673
1538
1683
1589
1639
1637
1650
1597
1563
1613
1589
1581
1634
1595
1595
1538
1608
1495
1574
1577
1580
1548
1548
1662
1567
1630
1547
1669
1656
1759
1574
1559
1660
1613
1557
1633
1607
1580
1470
1459
1642
1680
1586
1550
1627
1582
1646
1676
1691
1572
1727
1673
1615
1537
1602
1573
1585
1734
1672
1630
1537
1627
1607
1682
1562
1610
1573
1676
1690
1652
1655
1621
1654
1575
1680
1692
1700
1641
1571
1606
1631
1588
1614
1608
1522
1704
1684
1533
1688
1681
1574
1656
1688
1587
1601
1644
1654
1550
1725
1623
1674
1607
1649
1720
1696
1620
1711
1775
1688
1727
1712
1671
1807
1575
1654
1672
1701
1615
1713
1694
1752
1669
1783
1684
1583
1500
1650
1663
1640
1624
1682
1623
1637
1640
1578
1689
1627
1676
1593
1713
1536
1753
1673
1587
1695
1701
1699
1621
1770
1614
1659
1641
1620
1664
1692
1679
1646
1709
1619
1566
1646
1677
1629
1745
1708
1733
1693
1621
1668
1722
1707
1606
1709
1655
1644
1643
1677
1685
1672
1689
1725
1589
1561
1677
1717
1643
1664
1680
1681
1624
1637
1757
1761
1709
1736
1692
1891
1735
1652
1667
1669
1691
1647
1701
1606
1732
1612
1725
1674
1771
1809
1645
1707
1836
1757
1745
1696
1597
1770
1674
1650
1679
1833
1670
1641
1698
1642
1675
1672
1768
1734
1678
1748
1854
1751
1735
1832
1781
1720
1688
1808
1653
1768
1673
1723
1707
1675
1609
1763
1756
1755
1749
1582
1709
1797
1732
1736
1718
1780
1617
1705
1726
1766
1726
1712
1676
1779
1760
1798
1759
1674
1820
1777
1757
1715
1677
1822
1625
1718
1780
1850
1727
1800
1789
1698
1708
1814
1713
1610
1656
1862
1890
1725
1819
1790
1808
1752
1684
1731
1708
1716
1709
1801
1720
1762
1857
1715
1693
1777
1876
1648
1814
1710
1741
1714
1758
1790
1813
1672
1769
1784
1823
1714
1801
1862
1893
1851
1763
1844
1727
1876
1751
1706
1829
1760
1729
1777
1809
1697
1767
1708
1814
1732
1887
1781
1829
1815
1882
1889
1831
1826
1814
1774
1804
1871
1780
1705
1763
1798
1867
1825
1841
1754
1838
1772
1785
1784
1847
1799
1768
1760
1889
1818
1793
1836
1855
1818
1749
1849
1895
1868
1793
1769
1759
1780
1746
1757
1842
1794
1770
1871
1893
1850
1706
1822
1789
1805
1734
1806
1815
1881
1712
1828
1747
1817
1740
1905
1825
1817
1777
1833
1820
1794
1924
1818
1964
1820
1775
1909
1795
1676
1765
1937
1810
1886
1856
1786
1789
1788
1871
1722
1782
1923
1861
1860
1777
1849
1886
1843
1898
1898
1834
1927
1872
1948
1824
1920
2022
1936
1944
1875
1745
1952
1944
1938
1848
1835
1909
1836
1780
1901
1785
1903
1903
1901
1814
1902
1864
1839
1945
1773
1983
1866
1750
1965
1887
1874
1843
1833
1887
1952
1817
1945
1895
2018
1830
1934
1924
1790
1848
1864
1782
1925
1968
1964
1959
1877
1928
1864
1802
1884
1890
1872
1912
1937
1928
2029
2005
1911
2004
1861
1983
1962
1935
1879
1930
1801
1820
1848
1847
2010
1846
1888
1902
1977
1903
1977
1863
1902
1992
1855
1849
2032
1867
1912
1906
1902
1941
1921
1927
1896
1976
1972
1871
1899
1949
1867
1971
1928
1873
1890
1929
1878
1877
1943
1907
1960
1954
1836
2108
1916
1918
1913
1841
1939
1918
1907
1960
1955
1906
1909
1851
1947
1925
1905
1883
1910
1906
2005
1823
1834
1877
1970
1929
1816
1999
2031
1934
1902
2010
1925
1915
1839
1973
1819
1902
1997
1928
2073
1879
1975
2010
2024
1911
2013
2010
1888
1895
1967
1845
1908
1961
1881
2003
1948
1919
1987
1980
1889
1961
1887
1960
1940
2096
1976
1896
1983
1923
1952
1927
1905
1972
1938
1817
1952
1873
2008
1840
1901
1909
1878
1910
1875
1987
1892
2056
1965
1905
2052
2004
1928
1990
1911
2054
2029
2102
1911
1990
1885
1892
2038
1925
1948
2021
2081
1959
2044
1954
1963
2014
1947
1998
2013
1916
2022
1964
2017
2007
1957
2010
2048
2041
1987
1997
2010
1911
1957
1965
1881
2009
2003
1974
1905
1994
1945
2125
2004
2003
1980
1975
2219
2026
2009
2043
1936
1992
1933
1911
1957
1962
1945
1962
1956
1990
2012
1967
1955
1994
2093
2002
1837
1939
1975
1937
2084
1937
1967
2040
2063
2030
2095
1986
2084
1926
2030
1975
2061
2133
2040
2104
1983
2079
2098
1992
2066
2036
2066
1988
2064
2011
2036
2010
2049
2048
1974
2025
1971
2025
2039
2002
1982
2035
2030
2024
2109
1919
1987
2137
2147
1995
2046
2221
1996
2007
1978
2060
2055
2052
2012
2087
2005
2087
2098
2077
2065
2054
2071
2007
1986
2001
2030
2080
2032
2030
1965
1970
1996
1980
2083
1980
1994
2190
2099
2026
2118
2145
2110
1999
2144
2045
1990
2011
1967
2072
2091
2020
2132
2113
2087
2078
1988
2118
2162
2050
2010
2020
2097
2192
2101
2084
1996
2199
2024
1986
2117
2059
2015
2033
2028
2106
2039
2053
2150
2111
2113
2039
2031
2013
2068
1986
2068
2094
2109
2131
2035
2134
1938
2028
2126
2000
2161
2050
2144
2036
2120
2086
2197
2055
2080
2094
2088
2119
2144
2102
2092
2005
2193
2114
2172
2022
2109
2075
2201
2112
2116
2111
2062
2151
2034
2117
2026
2054
2177
2152
2113
2062
2213
1972
2169
2085
2115
2077
2071
2114
2070
2071
2275
2100
2218
2040
2109
2187
2058
2126
1971
2145
2107
2104
2104
1962
2035
2091
2058
2113
2096
2164
2186
2206
2153
2108
2154
2089
2037
2025
2111
2058
2057
2025
2041
2165
2164
2196
2137
2314
2161
2142
2083
2091
2058
2104
2120
2159
2145
2209
2123
2132
2046
2149
2076
2219
2207
2271
2051
2227
2084
2095
2243
2210
2164
2144
2165
2190
1985
2118
2193
2119
2324
2176
2104
2197
2125
2172
2230
2015
2187
2266
2178
2209
2129
2063
2195
2107
2126
2174
2087
2091
2232
2197
2201
2250
2190
2165
2166
2089
2163
2200
2132
2185
2244
2226
2170
2233
2087
2221
2167
2172
2204
2183
2164
2223
2278
2160
2137
2181
2165
2112
2082
2179
2135
2102
2137
2168
2271
2156
2216
2057
2208
2225
2199
2079
2175
2270
2205
2310
2063
2073
2212
2073
2074
2038
2178
2288
2159
2125
2195
2257
2401
2235
2111
2213
2283
2133
2249
2130
2168
2118
2215
2078
2171
2178
2206
2208
2118
2356
2104
2221
2217
2250
2203
2300
2144
2255
2292
2193
2240
2185
2120
2290
2105
2230
2178
2313
2216
2218
2335
2214
2170
2125
2265
2205
2165
2090
2167
2377
2188
2300
2095
2327
2273
2269
2259
2202
2246
2260
2259
2264
2183
2195
2262
2284
2360
2168
2227
2085
2212
2237
2355
2267
2236
2135
2221
2232
2285
2267
2255
2240
2261
2115
2217
2362
2186
2191
2159
2136
2098
2303
2291
2203
2254
2269
2218
2337
2307
2290
2289
2298
2250
2241
2224
2161
2356
2274
2249
2279
2287
2296
2173
2157
2176
2297
2177
2081
2157
2397
2320
2270
2323
2251
2190
2359
2233
2337
2269
2260
2262
2265
2231
2237
2287
2290
2213
2186
2151
2238
2282
2332
2333
2263
2236
2271
2345
2375
2274
2233
2283
2250
2159
2312
2220
2235
2222
2265
2308
2218
2175
2322
2280
2218
2308
2257
2306
2176
2251
2148
2289
2226
2289
2296
2388
2395
2202
2270
2271
2280
2209
2203
2303
2328
2212
2317
2380
2331
2198
2266
2375
2249
2324
2362
2174
2269
2335
2445
2202
2286
2294
2328
2371
2280
2208
2324
2358
2277
2276
2322
2348
2111
2260
2299
2340
2230
2400
2345
2374
2286
2283
2507
2089
2213
2366
2360
2305
2299
2347
2330
2269
2192
2267
2310
2295
2276
2322
2232
2275
2274
2379
2245
2177
2283
2281
2277
2249
2356
2302
2346
2371
2364
2387
2160
2220
2181
2180
2243
2327
2410
2204
2219
2272
2178
2311
2333
2320
2365
2114
2366
2324
2297
2250
2265
2329
2375
2382
2359
2321
2355
2284
2341
2356
2321
2309
2295
2348
2407
2357
2365
2276
2265
2309
2243
2287
2240
2334
2330
2308
2207
2263
2279
2352
2205
2281
2274
2345
2262
2321
2191
2283
2400
2354
2377
2280
2283
2248
2274
2369
2381
2336
2441
2363
2261
2260
2416
2323
2413
2290
2283
2293
2353
2299
2288
2379
2436
2307
2271
2358
2372
2385
2447
2369
2353
2313
2146
2453
2378
2268
2341
2497
2339
2338
2290
2304
2406
2347
2323
2422
2332
2355
2209
2300
2324
2250
2335
2332
2263
2487
2387
2442
2503
2322
2552
2335
2221
2318
2324
2317
2221
2235
2304
2239
2324
2334
2432
2364
2292
2295
2378
2450
2344
2437
2417
2328
2374
2411
2345
2238
2328
2328
2364
2288
2317
2372
2419
2450
2460
2265
2389
2402
2355
2357
2379
2413
2403
2302
2330
2322
2315
2405
2341
2328
2382
2469
2333
2323
2389
2354
2428
2382
2367
2411
2461
2359
2373
2321
2414
2317
2419
2427
2413
2415
2344
2358
2454
2345
2438
2289
2404
2335
2365
2362
2478
2425
2331
2309
2321
2420
2403
2415
2350
2312
2408
2293
2423
2414
2483
2388
2427
2318
2358
2363
2368
2374
2345
2344
2342
2430
2260
2427
2440
2292
2401
2357
2353
2512
2440
2340
2448
2489
2355
2303
2189
2368
2362
2243
2344
2398
2315
2285
2422
2341
2338
2362
2329
2156
2418
2381
2386
2284
2372
2397
2359
2492
2397
2330
2266
2385
2428
2412
2337
2327
2388
2305
2377
2500
2437
2381
2437
2407
2437
2286
2415
2307
2366
2354
2235
2332
2486
2413
2318
2471
2404
2419
2405
2415
2487
2405
2466
2384
2416
2248
2380
2393
2418
2449
2327
2346
2277
2356
2517
2444
2483
2511
2449
2399
2502
2448
2358
2566
2369
2463
2370
2401
2321
2266
2493
2369
2326
2432
2493
2346
2485
2401
2402
2432
2359
2419
2387
2381
2352
2345
2367
2401
2228
2524
2429
2408
2549
2382
2414
2332
2517
2269
2530
2392
2387
2441
2537
2383
2372
2414
2470
2543
2561
2393
2438
2464
2444
2435
2496
2415
2528
2455
2423
2281
2409
2333
2305
2571
2408
2631
2413
2470
2421
2418
2443
2479
2332
2493
2483
2378
2475
2473
2422
2362
2415
2435
2375
2408
2484
2417
2369
2467
2418
2357
2389
2521
2331
2576
2479
2428
2324
2522
2318
2412
2391
2444
2395
2400
2390
2364
2409
2315
2406
2279
2449
2379
2419
2517
2438
2362
2353
2416
2395
2392
2469
2399
2472
2503
2339
2342
2317
2523
2448
2327
2498
2451
2415
2477
2425
2492
2309
2497
2506
2419
2471
2386
2457
2347
2515
2336
2551
2431
2383
2438
2395
2468
2353
2313
2456
2458
2567
2401
2542
2528
2426
2454
2377
2384
2422
2491
2423
2350
2349
2525
2394
2440
2439
2348
2397
2448
2390
2326
2422
2487
2541
2429
2286
2361
2500
2349
2389
2465
2425
2473
2335
2395
2354
2422
2380
2449
2462
2358
2452
2530
2383
2456
2543
2316
2433
2373
2543
2364
2349
2332
2439
2505
2357
2276
2454
2532
2388
2477
2487
2418
2327
2421
2458
2402
2412
2405
2472
2462
2366
2568
2373
2410
2478
2502
2504
2336
2373
2453
2475
2321
2401
2332
2407
2257
2439
2344
2500
2469
2310
2565
2458
2395
2398
2455
2419
2480
2381
2508
2321
2430
2418
2343
2552
2485
2411
2443
2349
2431
2530
2348
2376
2469
2485
2425
2392
2325
2261
2400
2426
2303
2488
2339
2469
2433
2502
2451
2390
2447
2531
2483
2527
2402
2465
2477
2341
2402
2414
2297
2463
2416
2467
2433
2442
2461
2420
2502
2556
2483
2522
2361
2547
2444
2390
2319
2554
2425
2398
2442
2474
2460
2407
2449
2498
2439
2492
2480
2635
2470
2398
2418
2416
2407
2397
2361
2388
2320
2412
2495
2390
2474
2419
2446
2399
2531
2411
2425
2436
2376
2574
2363
2407
2379
2454
2343
2281
2310
2354
2324
2516
2360
2432
2425
2468
2424
2478
2327
2457
2443
2205
2391
2424
2431
2524
2355
2544
2516
2279
2411
2454
2465
2396
2418
2437
2464
2488
2496
2379
2431
2445
2479
2477
2466
2378
2451
2462
2455
2390
2560
2375
2399
2373
2358
2516
2519
2405
2585
2421
2430
2492
2301
2507
2520
2516
2465
2355
2530
2359
2467
2529
2461
2485
2410
2373
2406
2382
2363
2413
2415
2468
2389
2473
2294
2404
2384
2428
2442
2485
2467
2487
2485
2393
2461
2447
2423
2435
2329
2411
2430
2463
2313
2428
2400
2567
2455
2415
2492
2494
2486
2430
2405
2458
2357
2470
2535
2571
2317
2432
2407
2451
2543
2398
2364
2396
2454
2490
2367
2346
2382
2409
2456
2451
2448
2452
2340
2324
2370
2420
2472
2541
2434
2399
2418
2449
2313
2468
2494
2467
2503
2409
2532
2422
2394
2524
2568
2394
2425
2455
2565
2527
2467
2435
2561
2530
2701
2498
2420
2537
2399
2415
2435
2447
2458
2245
2489
2523
2484
2470
2492
2406
2316
2412
2452
2437
2359
2462
2469
2366
2576
2398
2469
2473
2513
2482
2505
2430
2414
2310
2424
2318
2406
2440
2478
2456
2432
2290
2413
2478
2536
2400
2391
2380
2413
2357
2310
2379
2371
2311
2411
2389
2435
2539
2355
2311
2521
2379
2411
2545
2398
2293
2358
2403
2424
2310
2338
2373
2451
2350
2512
2504
2421
2364
2360
2410
2365
2547
2350
2475
2347
2437
2594
2449
2453
2441
2514
2428
2448
2566
2425
2372
2388
2557
2317
2445
2396
2456
2426
2438
2407
2274
2361
2396
2499
2438
2412
2418
2495
2336
2409
2392
2360
2441
2560
2353
2505
2374
2429
2494
2486
2398
2393
2501
2388
2470
2503
2460
2465
2395
2529
2495
2451
2438
2359
2438
2430
2474
2481
2330
2498
2525
2341
2418
2374
2445
2400
2597
2477
2441
2432
2371
2390
2379
2405
2514
2325
2377
2449
2346
2420
2386
2352
2530
2439
2336
2512
2492
2502
2380
2481
2372
2370
2387
2252
2400
2372
2320
2319
2643
2360
2424
2510
2468
2432
2458
2357
2484
2413
2368
2400
2437
2308
2425
2335
2485
2414
2570
2353
2460
2373
2481
2300
2444
2423
2429
2379
2541
2397
2425
2387
2413
2425
2355
2451
2455
2515
2416
2488
2331
2454
2516
2519
2435
2432
2355
2409
2300
2376
2447
2341
2435
2380
2365
2404
2461
2365
2423
2523
2426
2461
2420
2555
2251
2436
2455
2390
2369
2366
2339
2365
2405
2397
2313
2393
2463
2413
2381
2278
2405
2485
2352
2434
2428
2389
2416
2389
2401
2570
2501
2412
2445
2461
2540
2437
2501
2382
2369
2332
2386
2509
2414
2326
2436
2448
2389
2446
2475
2343
2517
2462
2340
2406
2387
2327
2345
2495
2248
2234
2581
2444
2357
2480
2445
2386
2433
2415
2172
2353
2422
2506
2463
2516
2459
2404
2346
2303
2389
2267
2336
2489
2383
2352
2331
2495
2379
2321
2416
2395
2394
2279
2419
2335
2323
2381
2444
2314
2337
2430
2438
2420
2325
2423
2306
2459
2401
2444
2382
2374
2435
2477
2394
2363
2321
2390
2370
2291
2357
2374
2372
2346
2344
2347
2381
2266
2356
2300
2456
2224
2548
2359
2442
2293
2390
2313
2346
2433
2365
2470
2346
2356
2319
2453
2320
2436
2328
2339
2317
2391
2430
2354
2440
2436
2341
2472
2432
2468
2487
2329
2400
2324
2264
2370
2380
2289
2292
2205
2288
2263
2432
2293
2303
2287
2469
2420
2338
2345
2296
2325
2370
2333
2322
2568
2314
2344
2347
2443
2289
2349
2212
2430
2327
2416
2417
2396
2286
2254
2268
2247
2334
2312
2482
2320
2450
2339
2377
2265
2319
2445
2396
2435
2401
2523
2343
2285
2252
2260
2260
2523
2425
2239
2404
2328
2362
2307
2384
2360
2314
2271
2257
2222
2285
2468
2305
2214
2403
2343
2342
2277
2289
2388
2340
2332
2351
2326
2245
2431
2337
2396
2326
2327
2306
2414
2278
2294
2362
2351
2339
2303
2295
2373
2312
2320
2361
2351
2269
2467
2282
2319
2318
2260
2381
2331
2356
2358
2309
2364
2369
2315
2317
2322
2376
2420
2402
2295
2348
2366
2398
2377
2436
2354
2376
2296
2270
2268
2295
2332
2388
2373
2236
2258
2259
2369
2390
2375
2254
2319
2290
2324
2262
2381
2249
2218
2278
2330
2271
2289
2319
2361
2297
2217
2295
2326
2324
2414
2385
2242
2310
2257
2343
2330
2453
2270
2374
2308
2232
2168
2316
2432
2176
2301
2302
2256
2310
2289
2247
2314
2333
2414
2319
2321
2272
2328
2219
2324
2249
2359
2312
2259
2333
2369
2288
2222
2451
2282
2345
2249
2366
2334
2324
2237
2380
2278
2315
2231
2376
2266
2258
2213
2248
2268
2211
2230
2203
2323
2176
2224
2247
2368
2302
2383
2285
2388
2271
2235
2238
2313
2223
2289
2259
2240
2286
2338
2278
2253
2256
2284
2313
2233
2238
2336
2263
2305
2270
2279
2328
2131
2347
2220
2265
2258
2299
2285
2312
2335
2247
2316
2358
2376
2370
2229
2369
2299
2316
2305
2332
2248
2304
2189
2277
2248
2237
2214
2163
2264
2337
2303
2330
2280
2384
2266
2359
2305
2164
2239
2234
2191
2160
2339
2310
2258
2327
2300
2271
2355
2335
2331
2292
2275
2213
2173
2176
2242
2151
2282
2236
2358
2137
2220
2149
2253
2301
2288
2164
2242
2437
2305
2299
2214
2311
2154
2254
2165
2246
2181
2374
2173
2180
2141
2325
2397
2192
2292
2261
2293
2311
2417
2254
2201
2134
2162
2361
2256
2229
2293
2344
2319
2354
2186
2277
2343
2219
2334
2184
2150
2273
2298
2307
2193
2179
2302
2299
2277
2251
2252
2203
2319
2269
2194
2151
2181
2217
2381
2204
2214
2224
2143
2153
2272
2250
2255
2312
2381
2312
2212
2289
2281
2260
2199
2250
2304
2166
2346
2177
2249
2198
2212
2286
2276
2140
2263
2294
2149
2129
2143
2250
2115
2271
2172
2213
2247
2184
2215
2109
2285
2387
2290
2226
2262
2257
2240
2194
2254
2246
2194
2195
2078
2093
2151
2290
2221
2244
2294
2175
2228
2253
2299
2237
2339
2187
2196
2259
2113
2262
2225
2323
2201
2266
2137
2229
2140
2170
2281
2351
2275
2218
2238
2247
2186
2201
2124
2181
2195
2277
2163
2204
2267
2198
2422
2231
2255
2122
2196
2258
2276
2160
2259
2229
2191
2263
2111
2161
2106
2153
2119
2194
2324
2345
2255
2163
2111
2307
2350
2225
2204
2154
2253
2206
2172
2033
2243
2213
2184
2235
2173
2176
2164
2169
2153
2214
2253
2376
2215
2153
2271
2184
2190
2300
2158
2048
2158
2243
2281
2180
2177
2245
2167
2036
2193
2184
2167
2243
2182
2240
2112
2127
2265
2202
2052
2172
2160
2196
2173
2099
2162
2148
2101
2090
2245
2268
2209
2234
1988
2307
2191
2151
2296
2199
2206
2191
2182
2194
2172
2029
2245
2104
2201
2132
2206
2206
2107
2192
2126
2231
2195
2137
2235
2158
2244
2105
2231
2179
2122
2167
2136
2099
2082
2158
2268
2247
2144
2227
2130
2097
2119
2133
2112
2210
2215
2058
2122
2161
2104
2167
2101
2210
2143
2150
2085
2095
2171
2100
2126
2207
2127
2196
2227
2207
2163
2108
2153
2075
2117
2159
2121
2151
2156
2148
2168
2133
2029
2071
2151
2216
2258
2081
2124
2111
2190
2028
2062
2121
2055
2035
2118
2133
2132
2146
2077
2138
2110
2160
2122
2166
2235
2094
2167
2178
2074
2221
2083
2157
2098
2181
2146
2060
2170
2278
2136
2166
2127
2203
2218
2129
2060
2155
2101
2151
2266
2023
2073
2170
2145
2151
2180
2189
1992
2072
2193
2212
1989
2093
2156
2131
2049
2098
2073
2157
2036
2217
2104
2113
2132
2104
2110
2155
2136
2119
2098
2081
2163
2104
2001
2112
2024
2036
2099
2090
2077
2153
2110
2068
2145
2159
2093
2135
2004
2171
2104
1996
2110
2053
2107
2084
2104
2100
2171
2199
2072
2090
2162
2130
2072
2101
2075
2003
2033
2055
2197
2148
2003
2069
2149
2148
2096
2100
2175
2086
2114
2111
2090
2065
2074
2105
2089
2143
2038
2072
1986
2125
2096
2004
1955
2042
2132
2103
2046
1919
1878
2040
2064
2092
2027
2079
1981
2039
2085
2078
1992
2091
2177
2001
2085
2047
2169
2034
2001
2079
2126
1969
2109
2033
1933
2045
2052
2159
2076
2156
2158
2007
2030
2152
2120
1994
2117
2076
1963
2087
2013
1982
2005
1957
2108
1985
1955
2021
2000
2035
2011
1970
2083
1979
2023
