1528
1546
1496
1510
1612
1498
1593
1515
1586
1592
1600
1714
1745
1488
1584
1495
1549
1493
1635
1504
1492
1449
1509
1484
1514
1507
1582
1551
1709
1607
1610
1576
1559
1759
1546
1621
1501
1659
1602
1577
1477
1657
1513
1566
1507
1505
1646
1515
1519
1529
1551
1501
1624
1552
1623
1409
1484
1472
1546
1438
1492
1576
1540
1507
1586
1581
1604
1740
1652
1668
1634
1571
1689
1622
1543
1550
1551
1564
1496
1581
1609
1451
1547
1589
1661
1618
1604
1695
1618
1651
1611
1617
1621
1578
1619
1588
1526
1659
1589
1512
1583
1640
1516
1621
1602
1559
1618
1524
1577
1540
1729
1558
1587
1697
1733
1767
1574
1678
1657
1521
1644
1609
1584
1641
1652
1613
1631
1617
1643
1630
1700
1601
1602
1695
1508
1468
1666
1624
1610
1686
1625
1511
1644
1584
1700
1688
1644
1576
1653
1685
1553
1741
1531
1590
1571
1538
1612
1533
1717
1697
1589
1550
1608
1644
1689
1598
1591
1587
1546
1637
1660
1650
1642
1581
1676
1667
1607
1583
1695
1624
1685
1644
1658
1665
1509
1713
1649
1686
1677
1561
1766
1650
1621
1612
1566
1726
1659
1631
1679
1541
1701
1660
1652
1654
1684
1696
1595
1690
1656
1723
1666
1640
1689
1647
1565
1713
1661
1613
1756
1719
1718
1703
1715
1719
1684
1694
1700
1595
1578
1708
1620
1711
1672
1672
1658
1631
1679
1682
1634
1607
1778
1741
1711
1661
1632
1734
1654
1635
1672
1647
1732
1693
1661
1660
1609
1665
1653
1760
1726
1634
1686
1650
1779
1721
1768
1747
1631
1634
1752
1782
1818
1780
1657
1697
1763
1625
1699
1731
1645
1744
1595
1697
1765
1670
1637
1676
1651
1699
1770
1575
1713
1763
1711
1744
1696
1693
1651
1619
1717
1712
1631
1756
1860
1757
1786
1496
1753
1668
1670
1679
1748
1757
1707
1704
1675
1661
1655
1740
1703
1764
1725
1741
1645
1673
1866
1654
1659
1718
1708
1698
1731
1722
1714
1745
1784
1664
1698
1711
1600
1762
1700
1681
1754
1596
1784
1764
1721
1661
1696
1779
1753
1818
1683
1852
1702
1768
1781
1839
1777
1746
1764
1825
1713
1726
1838
1721
1792
1785
1786
1743
1722
1719
1782
1673
1853
1839
1697
1649
1765
1803
1705
1720
1795
1709
1758
1708
1805
1762
1777
1738
1697
1826
1794
1799
1693
1760
1748
1667
1740
1782
1794
1709
1826
1762
1813
1804
1739
1811
1778
1863
1795
1773
1789
1796
1822
1736
1704
1853
1764
1713
1838
1804
1899
1891
1829
1716
1845
1854
1778
1849
1840
1844
1836
1892
1857
1780
1794
1777
1777
1781
1772
1757
1850
1780
1842
1714
1729
1636
1791
1813
1793
1746
1842
1742
1842
1814
1822
1876
1853
1898
1821
1736
1771
1880
1707
1714
1794
1763
1852
1788
1836
1750
1828
1901
1851
1879
1763
1699
1887
1797
1851
1734
1804
1859
1773
1798
1757
1783
1722
1914
1838
1846
1919
1903
1835
1762
1878
1797
1780
1834
1741
1703
1783
1854
1775
1828
1748
1833
1835
1823
1870
1976
1892
1809
1791
1824
1786
1932
1948
1873
1761
1865
1885
1890
1864
1884
1875
1758
1816
1853
1791
1961
1877
1825
1777
1802
1868
1831
1940
1880
1895
1875
1835
1814
1961
1843
1943
1871
1888
1885
1947
2001
1873
1900
1738
1788
1852
1864
1922
1895
1862
1929
1756
1901
1897
1805
1894
1961
1936
2040
1888
1888
1895
1845
1964
1846
1863
1878
1894
1846
1884
1946
1977
1912
1865
1852
1838
1936
1930
1818
1903
1825
1847
1889
1814
1798
1952
2031
1922
1931
1920
1892
1897
1987
1936
1883
1957
2060
2003
1965
2003
1856
1940
1975
1983
1996
1968
2030
2055
1925
1994
1971
1968
1952
2009
2081
1959
1868
1859
1872
2012
1957
1895
2053
1908
1951
1921
1838
2010
2018
1970
2058
2025
1981
2048
1856
2016
1986
1914
1870
1933
1873
1879
2044
2021
1924
1987
2039
2013
1934
1973
2148
1934
1871
1990
1927
1944
2030
1951
1931
1999
2073
1986
1929
1926
2058
1981
1873
1952
1985
2112
1973
2063
1972
1994
1976
2097
1928
1838
1982
2060
2017
1995
2028
1977
1900
1948
2073
2092
2049
2036
1872
2135
2017
1863
1895
1996
1938
2078
1975
1971
1900
2107
1975
2044
1972
1961
1924
1954
2066
1966
1958
1992
1964
1932
1980
1899
2060
1943
1959
2057
2076
1974
2061
2018
2053
1974
1857
1904
1980
1964
2072
2050
1891
1924
1964
2034
2018
2052
1988
1991
2115
2065
2024
2098
2083
1948
1963
2046
2068
2028
2092
2132
2049
1910
2075
2078
2114
2087
2103
2024
2047
1961
2109
1968
2060
2011
2107
2061
2043
2132
1976
2097
1987
1925
2125
1992
2059
2107
1967
2094
2007
1971
1945
1962
2077
1965
2060
1962
2006
2043
2071
1967
2011
2147
1958
1987
2057
2088
1933
2087
2047
2059
2035
2027
2049
1934
1996
2091
1997
1999
2113
2202
2052
2065
2126
2014
2025
2103
1977
2066
1922
2015
2012
2093
1983
2140
2171
1969
2171
2121
1994
2038
2055
2075
2099
2067
1974
2013
2043
1898
2033
2120
2005
2072
2102
2158
2155
2002
2130
2067
2090
2084
2015
2036
2185
2092
1985
2026
2143
2094
2078
1988
2113
2053
2234
2143
2129
2165
2198
1988
2244
2161
2239
2068
1992
1936
2153
2090
2110
2166
2038
2166
2129
2065
2101
2109
2192
2126
2107
1991
2147
2100
2195
2136
2171
2183
2135
2074
2078
2069
2061
2214
2082
2155
2069
2053
2066
2152
2239
2179
2051
2167
2148
2080
2145
2057
2157
2135
2066
2114
2162
2199
2166
2069
2044
2180
2015
2120
2131
2034
2119
2246
2135
2211
2158
2143
2173
2205
2053
2179
2069
2158
2128
2168
2177
2089
2222
2185
2126
2121
2233
2192
2026
2182
2122
2050
2087
2236
2298
2217
2077
2162
2103
2045
2244
2182
2109
2260
2033
2208
2092
2217
2181
2207
2261
2170
2143
2087
2293
2295
2199
2161
2152
2168
2104
2169
2175
2225
2144
2269
2251
2221
2235
2105
2129
2188
2219
2172
2206
2146
2107
2317
2334
2154
2132
2144
2098
2211
2256
2068
2165
2183
2177
2149
2145
2227
2061
2176
2165
2254
2178
2175
2214
2150
2128
2213
2210
2206
2185
2312
2132
2328
2295
2113
2140
2291
2249
2094
2233
2233
2227
2163
2261
2084
2133
2179
2248
2276
2201
2242
2178
2135
2205
2243
2184
2317
2186
2180
2184
2179
2197
2180
2128
2203
2162
2190
2187
2190
2267
2293
2269
2305
2191
2315
2160
2286
2189
2260
2313
2242
2196
2159
2095
2294
2273
2214
2260
2232
2187
2245
2203
2293
2311
2179
2113
2235
2361
2193
2196
2189
2292
2150
2189
2207
2256
2288
2307
2248
2137
2341
2303
2310
2277
2314
2217
2296
2301
2289
2208
2310
2203
2181
2251
2098
2306
2187
2294
2301
2307
2254
2255
2352
2314
2187
2197
2181
2139
2329
2241
2392
2254
2208
2192
2311
2355
2295
2382
2146
2322
2283
2248
2221
2211
2136
2269
2285
2297
2359
2257
2282
2344
2195
2255
2147
2199
2234
2122
2190
2314
2228
2432
2165
2370
2314
2197
2304
2383
2362
2302
2288
2311
2247
2379
2249
2336
2285
2342
2113
2248
2304
2299
2332
2314
2154
2225
2319
2283
2449
2161
2237
2231
2361
2288
2198
2264
2229
2281
2271
2318
2192
2327
2298
2392
2412
2118
2227
2337
2391
2134
2305
2313
2305
2272
2322
2218
2231
2253
2256
2326
2459
2394
2239
2364
2324
2295
2409
2293
2288
2205
2380
2328
2263
2291
2315
2326
2383
2337
2426
2406
2260
2340
2313
2419
2222
2309
2333
2372
2344
2217
2315
2334
2523
2248
2293
2398
2242
2372
2275
2296
2387
2416
2303
2280
2365
2373
2263
2496
2293
2355
2383
2434
2432
2391
2345
2331
2376
2333
2322
2353
2325
2359
2327
2340
2338
2267
2404
2346
2428
2360
2296
2325
2340
2299
2281
2500
2396
2381
2323
2317
2249
2380
2269
2376
2357
2367
2403
2239
2403
2354
2344
2386
2396
2473
2457
2280
2364
2363
2332
2374
2418
2336
2419
2271
2402
2380
2371
2443
2266
2251
2271
2388
2231
2408
2411
2370
2355
2376
2353
2431
2399
2411
2385
2346
2337
2325
2375
2538
2462
2334
2362
2438
2339
2329
2350
2424
2383
2401
2375
2351
2386
2416
2289
2266
2401
2397
2395
2372
2440
2333
2442
2498
2315
2329
2434
2446
2378
2467
2256
2509
2393
2420
2372
2442
2452
2577
2529
2504
2434
2399
2404
2374
2387
2461
2454
2508
2446
2290
2463
2263
2360
2440
2410
2406
2358
2406
2436
2525
2494
2519
2397
2439
2461
2575
2499
2500
2449
2538
2427
2485
2290
2469
2315
2362
2365
2372
2365
2439
2486
2436
2497
2539
2336
2472
2339
2434
2367
2575
2586
2477
2348
2486
2545
2533
2424
2375
2518
2443
2440
2362
2455
2422
2449
2514
2410
2466
2466
2460
2598
2344
2461
2503
2388
2438
2475
2463
2405
2425
2452
2349
2438
2473
2525
2525
2507
2461
2552
2517
2458
2397
2500
2559
2412
2295
2389
2510
2404
2559
2437
2508
2501
2386
2503
2484
2451
2392
2453
2399
2519
2525
2472
2418
2469
2430
2408
2333
2427
2476
2461
2623
2486
2561
2536
2546
2459
2385
2371
2449
2542
2508
2504
2429
2408
2365
2538
2484
2572
2577
2491
2481
2605
2405
2561
2374
2588
2544
2564
2503
2516
2399
2476
2473
2485
2373
2563
2440
2340
2497
2515
2579
2365
2527
2312
2530
2428
2550
2492
2397
2527
2451
2454
2607
2533
2331
2466
2446
2493
2441
2455
2568
2526
2612
2512
2559
2534
2545
2376
2505
2450
2508
2409
2490
2516
2308
2390
2525
2488
2474
2459
2545
2515
2492
2581
2463
2545
2607
2539
2622
2481
2614
2544
2532
2554
2475
2444
2394
2525
2561
2466
2546
2536
2495
2547
2480
2449
2560
2567
2602
2703
2523
2619
2577
2703
2505
2494
2457
2469
2624
2548
2557
2464
2551
2680
2435
2617
2529
2578
2610
2548
2638
2570
2527
2636
2588
2602
2498
2450
2529
2550
2503
2619
2515
2581
2564
2515
2517
2525
2516
2635
2474
2530
2589
2651
2482
2453
2604
2425
2558
2452
2553
2643
2690
2603
2527
2674
2698
2655
2507
2603
2655
2580
2543
2480
2498
2584
2532
2555
2565
2459
2536
2498
2500
2512
2534
2699
2590
2547
2684
2662
2640
2395
2561
2464
2455
2680
2631
2625
2679
2595
2594
2660
2628
2620
2654
2648
2582
2609
2551
2446
2465
2600
2566
2614
2480
2560
2533
2613
2535
2507
2594
2650
2564
2420
2441
2523
2688
2447
2641
2571
2657
2573
2566
2566
2716
2552
2605
2582
2642
2573
2584
2563
2641
2657
2476
2599
2582
2578
2466
2487
2431
2664
2521
2735
2534
2506
2658
2699
2665
2671
2553
2618
2645
2553
2625
2695
2533
2582
2688
2528
2552
2688
2585
2712
2618
2602
2630
2574
2527
2619
2558
2556
2684
2666
2541
2710
2613
2650
2610
2581
2637
2599
2582
2596
2655
2522
2693
2642
2567
2728
2583
2731
2703
2616
2651
2588
2642
2623
2473
2741
2612
2635
2555
2461
2445
2587
2526
2694
2422
2625
2620
2677
2556
2611
2477
2536
2527
2710
2537
2614
2572
2622
2525
2624
2683
2587
2454
2545
2736
2644
2652
2679
2628
2717
2496
2616
2754
2642
2550
2649
2611
2573
2607
2553
2641
2608
2585
2697
2583
2650
2593
2621
2698
2710
2554
2700
2601
2503
2587
2707
2654
2633
2663
2714
2747
2664
2580
2644
2677
2529
2524
2669
2536
2742
2599
2737
2605
2633
2624
2630
2710
2684
2712
2734
2615
2582
2663
2601
2599
2620
2665
2738
2722
2695
2555
2634
2567
2579
2588
2513
2631
2588
2710
2629
2668
2725
2652
2578
2673
2641
2629
2521
2710
2680
2637
2691
2650
2609
2745
2459
2677
2639
2554
2770
2649
2603
2587
2697
2683
2806
2608
2723
2770
2729
2678
2710
2656
2678
2571
2574
2718
2677
2798
2631
2581
2820
2684
2724
2688
2698
2626
2621
2527
2689
2620
2520
2663
2664
2631
2532
2651
2673
2662
2557
2669
2583
2520
2600
2691
2571
2789
2628
2589
2683
2687
2580
2564
2580
2608
2677
2614
2687
2640
2730
2615
2682
2632
2768
2701
2618
2540
2755
2628
2628
2884
2670
2731
2610
2633
2722
2628
2623
2578
2695
2627
2646
2683
2641
2723
2618
2658
2720
2642
2901
2628
2586
2689
2579
2723
2702
2697
2743
2667
2694
2731
2662
2550
2701
2659
2663
2625
2661
2642
2672
2724
2691
2742
2654
2814
2646
2694
2519
2670
2717
2601
2688
2657
2741
2674
2675
2568
2664
2580
2601
2690
2690
2673
2742
2717
2654
2580
2644
2742
2741
2726
2720
2620
2582
2807
2718
2759
2532
2642
2684
2800
2584
2719
2692
2690
2659
2606
2725
2701
2622
2697
2570
2762
2611
2605
2783
2528
2588
2705
2705
2595
2660
2621
2592
2717
2652
2701
2691
2675
2519
2633
2607
2708
2643
2716
2691
2763
2676
2718
2776
2648
2638
2554
2710
2557
2640
2729
2612
2607
2662
2698
2795
2676
2716
2616
2798
2719
2690
2697
2709
2636
2747
2702
2606
2650
2600
2650
2553
2640
2692
2716
2770
2955
2767
2756
2670
2643
2607
2734
2688
2582
2649
2609
2630
2612
2676
2728
2636
2847
2665
2731
2793
2747
2825
2743
2628
2599
2705
2668
2780
2639
2695
2538
2633
2585
2549
2634
2670
2746
2696
2798
2772
2840
2705
2621
2795
2801
2771
2679
2782
2652
2683
2736
2617
2654
2750
2599
2652
2827
2672
2682
2697
2850
2598
2571
2730
2671
2800
2746
2642
2872
2894
2709
2763
2599
2634
2805
2722
2741
2590
2675
2661
2784
2709
2815
2611
2596
2721
2699
2796
2821
2624
2806
2611
2754
2677
2616
2733
2676
2690
2659
2645
2760
2637
2741
2717
2737
2776
2728
2678
2669
2832
2652
2641
2692
2680
2674
2692
2757
2707
2701
2616
2848
2729
2712
2652
2704
2706
2642
2632
2695
2699
2739
2785
2506
2711
2693
2686
2722
2692
2712
2773
2772
2638
2731
2669
2544
2739
2670
2840
2751
2753
2814
2820
2694
2792
2742
2768
2715
2781
2796
2645
2654
2770
2642
2646
2682
2705
2708
2653
2754
2802
2613
2786
2813
2665
2665
2857
2696
2797
2660
2752
2767
2693
2712
2711
2644
2626
2635
2627
2776
2600
2654
2785
2689
2664
2683
2522
2592
2568
2749
2535
2700
2691
2832
2526
2790
2679
2879
2668
2735
2783
2821
2762
2731
2678
2728
2705
2752
2598
2793
2738
2677
2721
2682
2738
2639
2701
2680
2710
2633
2759
2601
2560
2731
2523
2727
2749
2725
2726
2726
2753
2699
2706
2757
2706
2541
2736
2675
2689
2652
2672
2637
2605
2706
2673
2765
2680
2766
2739
2681
2665
2912
2710
2666
2781
2741
2808
2701
2678
2780
2741
2619
2611
2653
2776
2702
2691
2739
2748
2635
2593
2727
2748
2718
2680
2606
2646
2791
2698
2725
2827
2745
2725
2683
2703
2758
2720
2862
2849
2738
2576
2824
2730
2735
2759
2802
2761
2694
2725
2810
2746
2660
2568
2702
2659
2731
2567
2737
2716
2685
2689
2580
2654
2852
2714
2833
2657
2701
2565
2742
2685
2653
2705
2648
2762
2589
2747
2706
2679
2886
2716
2725
2670
2652
2748
2590
2618
2667
2646
2547
2683
2612
2753
2621
2603
2728
2722
2702
2666
2624
2582
2673
2720
2700
2733
2635
2786
2758
2616
2675
2679
2664
2735
2710
2590
2793
2638
2640
2677
2710
2712
2682
2694
2653
2655
2593
2706
2750
2711
2721
2603
2660
2717
2626
2628
2689
2762
2482
2687
2771
2684
2743
2767
2769
2650
2757
2672
2635
2858
2644
2729
2597
2682
2727
2708
2609
2661
2625
2702
2651
2697
2702
2709
2593
2719
2738
2821
2509
2622
2688
2654
2624
2604
2610
2648
2921
2728
2842
2558
2655
2769
2580
2628
2676
2646
2661
2805
2788
2498
2558
2649
2752
2611
2642
2766
2548
2697
2593
2678
2778
2809
2630
2741
2577
2626
2672
2663
2763
2598
2704
2633
2692
2724
2719
2666
2782
2627
2687
2607
2697
2643
2619
2708
2699
2789
2729
2640
2655
2711
2615
2713
2668
2647
2862
2637
2692
2588
2652
2788
2759
2729
2629
2685
2777
2815
2728
2680
2740
2537
2606
2645
2785
2655
2619
2610
2687
2616
2813
2647
2755
2601
2635
2822
2665
2865
2705
2695
2754
2697
2628
2576
2599
2747
2619
2657
2721
2588
2670
2765
2643
2719
2670
2685
2716
2700
2762
2570
2683
2651
2650
2734
2584
2626
2653
2534
2639
2615
2584
2659
2652
2735
2666
2795
2666
2665
2661
2698
2701
2669
2631
2693
2766
2598
2612
2625
2727
2521
2625
2706
2670
2580
2686
2735
2740
2587
2606
2628
2601
2670
2531
2517
2517
2529
2669
2587
2739
2616
2640
2751
2610
2625
2668
2733
2803
2584
2689
2781
2617
2749
2514
2538
2578
2618
2659
2683
2737
2796
2709
2786
2654
2560
2630
2672
2630
2670
2728
2635
2655
2693
2584
2762
2629
2770
2620
2705
2574
2578
2604
2620
2681
2650
2718
2737
2828
2683
2584
2530
2612
2653
2732
2604
2586
2692
2764
2584
2629
2663
2650
2788
2622
2727
2617
2723
2617
2748
2659
2512
2556
2709
2675
2525
2597
2867
2798
2643
2601
2741
2654
2659
2698
2767
2707
2625
2611
2659
2624
2672
2660
2688
2674
2588
2685
2708
2707
2671
2752
2581
2617
2658
2610
2668
2571
2512
2552
2668
2639
2482
2689
2578
2579
2628
2691
2692
2594
2716
2697
2562
2606
2752
2591
2600
2611
2610
2664
2652
2584
2511
2556
2611
2703
2696
2587
2632
2636
2673
2670
2616
2583
2661
2617
2593
2625
2626
2577
2582
2459
2562
2611
2648
2489
2571
2716
2636
2686
2632
2654
2733
2662
2643
2646
2678
2646
2654
2580
2611
2642
2576
2435
2625
2731
2636
2657
2645
2648
2660
2548
2603
2664
2596
2597
2655
2628
2655
2742
2666
2650
2610
2608
2638
2548
2626
2616
2566
2636
2595
2653
2574
2709
2642
2665
2654
2631
2639
2812
2486
2626
2636
2645
2619
2693
2501
2709
2554
2552
2483
2618
2651
2698
2666
2554
2633
2666
2586
2568
2486
2701
2578
2589
2639
2636
2669
2548
2818
2586
2648
2705
2705
2711
2606
2734
2593
2487
2588
2611
2597
2604
2428
2582
2674
2643
2613
2705
2572
2652
2704
2555
2630
2652
2665
2516
2583
2749
2480
2470
2592
2665
2534
2640
2600
2584
2529
2563
2562
2566
2555
2719
2504
2425
2648
2545
2611
2526
2596
2562
2527
2573
2527
2522
2616
2648
2614
2586
2667
2546
2601
2628
2536
2639
2725
2536
2515
2440
2587
2635
2687
2549
2616
2587
2556
2582
2668
2652
2572
2621
2469
2553
2585
2550
2472
2569
2590
2530
2604
2477
2431
2631
2563
2628
2534
2587
2712
2636
2520
2625
2621
2594
2487
2470
2643
2474
2582
2584
2668
2660
2485
2591
2621
2607
2598
2525
2518
2474
2570
2661
2586
2577
2642
2525
2503
2576
2598
2640
2554
2477
2588
2543
2584
2703
2565
2516
2565
2590
2552
2492
2611
2444
2448
2522
2510
2625
2499
2599
2530
2624
2637
2563
2657
2555
2538
2653
2522
2643
2582
2487
2618
2592
2511
2623
2556
2590
2533
2622
2585
2434
2532
2598
2631
2542
2514
2677
2531
2606
2519
2673
2540
2441
2585
2577
2590
2667
2477
2540
2547
2567
2632
2583
2506
2545
2545
2563
2529
2555
2629
2622
2530
2741
2500
2490
2618
2555
2512
2509
2604
2602
2550
2528
2570
2606
2628
2622
2644
2590
2450
2597
2548
2607
2500
2587
2624
2505
2685
2527
2453
2528
2560
2531
2618
2640
2587
2555
2637
2424
2581
2649
2588
2657
2428
2586
2572
2450
2614
2534
2595
2545
2452
2613
2627
2541
2644
2555
2439
2551
2469
2567
2566
2343
2524
2650
2518
2478
2674
2417
2551
2609
2550
2466
2626
2575
2546
2551
2472
2507
2624
2677
2577
2531
2461
2613
2614
2549
2491
2627
2420
2580
2539
2538
2494
2478
2473
2413
2592
2436
2564
2566
2499
2571
2553
2497
2538
2454
2538
2536
2520
2535
2436
2557
2523
2558
2533
2602
2485
2560
2504
2606
2571
2584
2358
2432
2590
2567
2590
2610
2468
2525
2570
2485
2452
2429
2508
2625
2537
2608
2487
2507
2531
2441
2580
2554
2697
2542
2549
2511
2479
2498
2681
2482
2608
2492
2555
2623
2544
2564
2508
2537
2605
2553
2479
2503
2534
2552
2602
2517
2538
2586
2522
2384
2439
2525
2503
2482
2584
2490
2560
2519
2416
2465
2430
2475
2507
2551
2524
2477
2597
2552
2480
2454
2417
2346
2430
2319
2534
2542
2518
2518
2443
2468
2598
2607
2557
2418
2332
2515
2551
2376
2465
2452
2399
2436
2615
2474
2597
2439
2564
2616
2395
2388
2548
2500
2596
2524
2444
2476
2367
2417
2524
2465
2458
2428
2505
2540
2454
2435
2465
2311
2477
2505
2436
2521
2401
2576
2516
2493
2627
2440
2505
2437
2426
2397
2433
2528
2333
2462
2330
2448
2491
2630
2421
2491
2491
2457
2423
2306
2424
2555
2616
2387
2459
2332
2375
2411
2581
2397
2535
2535
2442
2518
2507
2517
2405
2588
2526
2396
2510
2568
2404
2455
2493
2470
2485
2444
2499
2532
2452
2530
2504
2451
2662
2475
2483
2505
2502
2472
2542
2352
2385
2420
2453
2478
2350
2424
2389
2480
2463
2457
2465
2520
2471
2424
2377
2429
2455
2498
2422
2432
2583
2390
2546
2472
2435
2379
2394
2397
2504
2467
2407
2363
2449
2524
2454
2510
2401
2489
2303
2325
2328
2439
2495
2426
2438
2510
2443
2379
2404
2466
2549
2411
2465
2496
2446
2288
2444
2367
2392
2412
2310
2334
2294
2548
2361
2467
2443
2428
2371
2323
2432
2513
2383
2429
2527
2372
2381
2366
2413
2466
2453
2406
2306
2360
2513
2528
2414
2403
2423
2434
2419
2463
2337
2556
2309
2475
2352
2389
2438
2424
2383
2592
2324
2382
2359
2241
2427
2253
2380
2416
2561
2303
2473
2467
2310
2469
2493
2344
2368
2423
