1380
1462
1451
1471
1400
1483
1304
1475
1479
1380
1429
1634
1545
1504
1511
1454
1446
1467
1424
1433
1437
1448
1520
1529
1442
1414
1547
1426
1442
1408
1568
1529
1395
1570
1460
1527
1445
1513
1439
1448
1515
1457
1601
1479
1494
1514
1471
1387
1494
1467
1413
1439
1515
1538
1418
1499
1451
1559
1469
1591
1632
1523
1478
1482
1431
1475
1446
1480
1517
1548
1442
1420
1465
1529
1552
1487
1576
1514
1657
1540
1496
1473
1514
1495
1494
1470
1498
1458
1437
1489
1564
1520
1587
1542
1511
1513
1543
1556
1561
1504
1564
1577
1456
1470
1497
1571
1493
1546
1607
1524
1599
1530
1497
1668
1532
1538
1577
1532
1413
1490
1519
1549
1508
1531
1527
1480
1611
1531
1530
1592
1544
1557
1467
1612
1527
1592
1607
1534
1560
1550
1563
1626
1413
1522
1531
1566
1574
1473
1589
1532
1543
1538
1477
1628
1533
1538
1605
1563
1480
1562
1445
1547
1558
1642
1551
1618
1578
1599
1531
1563
1567
1625
1577
1540
1650
1605
1602
1639
1618
1576
1575
1520
1633
1555
1617
1610
1685
1620
1541
1606
1617
1603
1598
1638
1620
1700
1583
1587
1604
1538
1584
1545
1599
1455
1552
1593
1591
1599
1589
1644
1551
1592
1548
1401
1599
1612
1605
1587
1582
1643
1598
1574
1589
1601
1560
1610
1716
1526
1579
1542
1588
1618
1678
1654
1565
1592
1637
1587
1509
1714
1558
1685
1624
1680
1674
1631
1608
1704
1600
1627
1614
1639
1574
1501
1608
1483
1676
1606
1701
1537
1417
1706
1610
1663
1666
1599
1798
1727
1560
1653
1710
1672
1643
1683
1737
1578
1682
1640
1556
1643
1579
1654
1620
1570
1570
1578
1607
1692
1569
1703
1538
1661
1666
1654
1589
1595
1664
1630
1588
1782
1611
1679
1827
1727
1563
1708
1650
1707
1713
1684
1715
1651
1799
1585
1598
1548
1617
1537
1663
1596
1686
1558
1730
1701
1714
1758
1725
1724
1729
1683
1720
1648
1670
1725
1793
1678
1620
1655
1638
1699
1596
1706
1912
1621
1730
1733
1786
1677
1658
1560
1727
1683
1708
1573
1637
1710
1743
1735
1659
1638
1747
1698
1772
1819
1802
1714
1694
1665
1664
1793
1729
1717
1698
1691
1678
1590
1684
1668
1658
1745
1593
1764
1637
1813
1607
1622
1646
1683
1777
1759
1575
1811
1565
1645
1621
1773
1705
1646
1721
1588
1689
1785
1678
1633
1700
1700
1649
1815
1687
1619
1812
1618
1762
1744
1734
1706
1692
1636
1772
1681
1704
1716
1791
1707
1670
1678
1771
1676
1648
1627
1714
1715
1678
1734
1778
1763
1833
1834
1703
1693
1759
1815
1739
1688
1672
1769
1672
1721
1729
1686
1837
1688
1642
1738
1698
1732
1675
1759
1835
1763
1764
1741
1650
1749
1744
1748
1794
1637
1796
1793
1813
1766
1726
1725
1734
1787
1829
1666
1723
1791
1757
1662
1765
1794
1844
1846
1736
1699
1691
1647
1745
1737
1702
1768
1772
1780
1696
1720
1802
1664
1649
1716
1835
1924
1816
1802
1871
1777
1737
1665
1783
1805
1926
1735
1747
1836
1789
1788
1779
1799
1827
1799
1875
1618
1768
1834
1875
1753
1789
1776
1745
1713
1678
1660
1781
1790
1867
1827
1842
1887
1826
1789
1774
1808
1779
1766
1784
1841
1762
1779
1727
1754
1764
1781
1807
1784
1717
1828
1750
1874
1912
1871
1762
1814
1747
1766
1820
1862
1819
1829
1856
1746
1738
1824
1808
1842
1805
1775
1714
1715
1825
1779
1682
1715
1757
1695
1727
1857
1872
1703
1804
1808
1705
1868
1784
1925
1762
1756
1719
1806
1829
1778
1755
1848
1694
1723
1903
1861
1836
1848
1834
1821
1933
1903
1832
1868
1833
1861
1897
1937
1885
1854
1847
1902
1886
1802
1858
1829
1868
1848
2013
1839
1747
1769
1910
1805
1827
1741
1829
1823
1833
1930
1901
1853
1814
1899
1854
1876
1885
1816
1908
1862
1797
1908
1901
1888
1937
1805
1822
1979
1875
1801
1887
1811
1801
1924
1810
1790
1870
1861
1895
1973
1912
2005
1932
1969
1829
1856
1756
1955
1808
1755
1904
1945
1864
1941
1841
1829
1856
1944
1868
1881
1921
1845
2081
1949
1871
1988
1911
1977
1830
1875
1860
2027
1868
1991
1949
1937
1959
1915
1954
1898
1919
1912
1868
1936
1897
1930
1943
1909
1880
1953
1920
1854
1899
1964
1923
1841
1963
1874
2006
1913
1848
1862
1877
1946
1866
1928
1933
1901
2004
1846
2004
1993
1802
1742
1903
1933
1898
2025
2011
1879
1849
1922
1888
1921
1974
1940
2039
1909
1824
1865
1851
1962
2002
1987
1944
1918
1853
1885
2042
1905
1962
1970
1879
1966
1871
2028
1970
1887
1996
1984
1908
1943
2017
1903
1847
1903
2011
1951
1866
1935
1920
1973
1837
1949
1946
1846
1990
1995
1885
2048
1938
2037
1892
2046
1989
2021
1979
1957
1923
1910
1949
1978
1832
2112
1971
1950
1850
1984
1945
1986
1954
2045
1917
1847
1902
1891
1917
2006
1967
2035
2012
1911
2004
1970
2063
1953
1840
2014
1994
1966
2029
1997
1958
2029
1868
1900
1945
2033
1914
1952
1888
1963
1941
2162
2020
2026
1945
2015
2035
1888
1964
1949
1992
2075
1923
2060
2040
2051
2028
1986
1954
2018
1993
1957
1962
2022
1985
1973
2030
1951
2065
1987
2089
1965
2064
1998
1897
1966
1976
1986
1970
1978
1924
2032
1983
1945
2023
1978
1941
1962
1932
1973
2036
1979
1931
1942
2097
2020
1981
2052
1973
1946
1971
2016
2049
1959
1957
1989
2044
2039
2076
2053
2014
2061
2056
2001
2072
1912
2003
2010
2070
2070
1988
2016
2069
2071
2052
2002
1945
2046
2053
2104
2031
2007
2054
2097
1931
2058
2103
1949
2009
2010
2019
2065
2064
1999
2016
2056
2018
2005
1989
1984
2082
2081
2020
2074
2042
1967
2022
2107
2101
2045
2029
2199
1906
2062
2055
2102
1973
2025
2139
2061
1985
1967
1992
2150
2077
2012
2045
2062
2146
2044
2115
2143
2063
2025
2078
2037
2093
2071
2078
2065
2133
2097
2038
2150
2095
2196
2022
1989
2255
2056
2126
2031
2179
2021
2118
2067
2070
2010
2125
1952
2148
2133
2017
2128
2051
2061
2092
2093
2108
2020
2028
2101
2090
2078
2056
2055
2044
2108
2129
2048
2062
2119
2010
2071
2127
2082
2054
1997
2055
2154
2086
2153
2074
2117
2160
2157
2102
2093
2104
2102
1993
2191
2170
2077
2082
2067
2145
2020
2048
2079
2157
2119
2073
2096
2094
2036
1990
2036
2182
2091
2141
2095
2104
2110
2107
1976
2113
1977
2084
2031
2224
2206
2085
2070
2112
2162
2086
2115
2111
2188
2130
2079
2216
2156
2096
2204
2109
2187
2178
2141
2073
2215
2133
1975
1997
2035
2026
2081
2094
2101
2208
2114
2103
2050
2122
2048
2143
2231
2248
2097
2220
2117
2187
2150
2117
2336
2190
2201
2110
2121
2063
2157
2122
2205
2213
2216
2013
2188
2062
2178
2161
2085
2225
2145
2142
2173
2201
2215
2195
2197
2265
2189
2182
2176
2138
2072
2182
2148
2098
2031
2167
2259
2037
2104
2060
2165
2120
2184
2159
2159
2229
2311
2128
2034
2194
2225
2075
2113
2208
2146
2207
2153
2062
2121
2193
2180
2064
2071
2085
2134
2234
2154
2074
2194
2163
2236
2171
2151
2230
2079
2183
2160
2121
2188
2161
2136
2095
2151
2057
2195
2108
2266
2076
2149
2305
2265
2101
2261
2286
2178
2224
2164
2281
2270
2173
2120
2183
2205
2176
2141
2344
2282
2255
2171
2166
2159
2294
2133
2109
2208
2092
2159
2179
2117
2087
2228
2254
2261
2150
2228
2147
2249
2239
2247
2222
2189
2155
2142
2257
2181
2255
2193
2256
2228
2255
2181
2209
2231
2250
2180
2200
2170
2199
2235
2148
2119
2164
2313
2187
2280
2162
2176
2220
2251
2233
2225
2228
2152
2145
2227
2337
2179
2214
2245
2380
2269
2308
2363
2286
2282
2159
2221
2166
2238
2250
2205
2295
2264
2266
2222
2325
2092
2219
2228
2269
2172
2192
2225
2157
2255
2144
2244
2357
2361
2191
2240
2157
2289
2268
2294
2212
2181
2281
2298
2300
2222
2267
2198
2279
2249
2292
2267
2194
2231
2267
2411
2278
2243
2214
2304
2312
2204
2305
2283
2418
2217
2250
2354
2219
2151
2343
2372
2264
2234
2380
2253
2342
2245
2261
2278
2268
2413
2388
2194
2327
2237
2311
2250
2245
2225
2309
2231
2271
2380
2323
2184
2186
2329
2332
2278
2256
2298
2262
2323
2286
2280
2273
2407
2239
2173
2295
2317
2177
2266
2372
2400
2324
2286
2346
2259
2250
2296
2138
2205
2203
2321
2204
2257
2170
2159
2247
2273
2281
2308
2229
2295
2332
2200
2404
2422
2262
2280
2345
2279
2300
2231
2400
2195
2187
2299
2175
2314
2259
2288
2265
2305
2368
2261
2368
2288
2292
2335
2315
2326
2361
2323
2301
2291
2195
2311
2316
2407
2341
2383
2390
2289
2180
2372
2287
2373
2301
2208
2275
2204
2321
2421
2360
2314
2298
2350
2300
2295
2480
2326
2325
2385
2445
2285
2401
2310
2263
2261
2363
2332
2393
2327
2396
2317
2444
2239
2213
2349
2208
2335
2284
2319
2366
2282
2321
2330
2379
2314
2369
2424
2280
2233
2417
2268
2320
2367
2410
2310
2417
2301
2374
2297
2179
2321
2368
2381
2352
2382
2303
2313
2291
2363
2442
2373
2360
2381
2297
2293
2433
2289
2356
2317
2377
2404
2371
2182
2438
2383
2353
2349
2478
2373
2425
2363
2389
2326
2415
2293
2399
2188
2429
2396
2311
2352
2424
2416
2343
2492
2258
2453
2406
2373
2412
2499
2271
2414
2408
2247
2370
2350
2320
2318
2366
2365
2327
2325
2315
2397
2483
2477
2445
2304
2274
2359
2338
2465
2369
2317
2339
2378
2250
2265
2284
2379
2380
2458
2467
2356
2334
2367
2393
2449
2374
2327
2479
2327
2358
2484
2393
2396
2410
2325
2307
2490
2445
2398
2454
2495
2463
2356
2473
2433
2339
2413
2377
2367
2373
2320
2511
2342
2387
2374
2427
2336
2314
2362
2437
2312
2366
2444
2383
2493
2481
2434
2411
2379
2490
2529
2500
2496
2417
2390
2461
2356
2361
2392
2460
2312
2460
2471
2396
2361
2422
2321
2414
2399
2467
2372
2303
2425
2358
2346
2487
2486
2355
2340
2468
2452
2406
2276
2266
2434
2486
2450
2334
2477
2391
2349
2428
2512
2387
2410
2325
2341
2353
2461
2508
2347
2401
2395
2469
2315
2367
2339
2325
2426
2293
2291
2449
2389
2401
2420
2326
2391
2406
2336
2360
2431
2443
2445
2357
2525
2479
2483
2431
2463
2344
2347
2430
2426
2279
2335
2420
2287
2353
2418
2298
2461
2361
2393
2448
2382
2509
2376
2395
2321
2516
2402
2376
2368
2492
2405
2408
2350
2415
2418
2566
2378
2332
2350
2461
2375
2415
2376
2449
2391
2440
2388
2477
2401
2328
2562
2410
2513
2436
2373
2425
2436
2413
2405
2386
2407
2439
2388
2347
2435
2386
2268
2454
2426
2509
2395
2420
2485
2334
2443
2460
2466
2412
2280
2356
2459
2317
2468
2419
2357
2494
2485
2386
2441
2344
2330
2449
2524
2342
2358
2394
2434
2436
2391
2476
2372
2457
2427
2385
2493
2504
2393
2459
2353
2408
2455
2429
2350
2403
2438
2328
2427
2426
2498
2499
2504
2573
2425
2363
2513
2377
2438
2494
2437
2421
2453
2513
2473
2301
2445
2405
2541
2463
2622
2368
2567
2546
2450
2551
2405
2579
2461
2446
2439
2398
2531
2492
2353
2350
2450
2502
2484
2436
2529
2533
2521
2367
2503
2516
2371
2391
2476
2488
2406
2440
2366
2469
2508
2514
2525
2572
2463
2497
2601
2463
2474
2502
2589
2458
2496
2323
2388
2581
2400
2467
2465
2516
2508
2442
2504
2597
2605
2524
2489
2465
2483
2475
2505
2473
2585
2411
2413
2410
2467
2514
2559
2566
2378
2318
2474
2509
2357
2438
2476
2510
2392
2359
2521
2465
2534
2493
2438
2468
2503
2427
2381
2411
2346
2483
2285
2568
2419
2389
2515
2440
2514
2617
2540
2460
2372
2455
2452
2456
2537
2446
2400
2542
2433
2516
2351
2538
2408
2486
2478
2461
2387
2504
2443
2341
2497
2469
2507
2330
2455
2365
2351
2484
2446
2594
2412
2427
2509
2440
2560
2471
2498
2455
2476
2515
2422
2449
2640
2456
2415
2538
2483
2432
2451
2373
2435
2548
2331
2362
2528
2400
2423
2330
2473
2495
2446
2467
2340
2313
2525
2461
2419
2486
2503
2508
2426
2551
2591
2515
2603
2400
2429
2396
2365
2495
2463
2471
2440
2494
2358
2447
2419
2509
2368
2474
2437
2562
2375
2490
2545
2468
2318
2439
2465
2336
2428
2435
2482
2454
2525
2473
2575
2546
2448
2470
2541
2387
2471
2397
2450
2487
2480
2461
2348
2476
2273
2458
2374
2491
2530
2456
2508
2553
2646
2350
2561
2472
2532
2496
2354
2473
2447
2461
2526
2434
2356
2448
2461
2426
2473
2382
2518
2468
2427
2500
2466
2423
2383
2497
2498
2374
2476
2344
2567
2398
2439
2529
2562
2400
2494
2489
2490
2511
2341
2532
2550
2416
2556
2473
2539
2522
2372
2431
2437
2373
2399
2458
2437
2475
2452
2406
2574
2509
2404
2494
2471
2472
2407
2437
2459
2471
2482
2448
2523
2497
2370
2493
2537
2428
2314
2406
2476
2506
2452
2455
2634
2620
2590
2513
2337
2413
2486
2554
2571
2490
2464
2451
2375
2555
2526
2419
2393
2511
2475
2522
2431
2458
2472
2421
2410
2503
2428
2571
2410
2451
2412
2525
2436
2453
2557
2511
2516
2531
2424
2523
2676
2572
2453
2456
2549
2524
2476
2418
2481
2518
2364
2462
2555
2496
2417
2451
2564
2593
2390
2464
2401
2396
2530
2527
2502
2390
2557
2380
2604
2443
2397
2472
2483
2491
2583
2419
2513
2504
2334
2468
2319
2480
2523
2457
2348
2567
2489
2489
2379
2564
2462
2452
2457
2492
2433
2495
2551
2621
2460
2443
2445
2407
2489
2563
2363
2389
2597
2506
2440
2445
2562
2419
2456
2453
2556
2521
2476
2563
2566
2527
2382
2479
2348
2379
2430
2427
2371
2323
2410
2561
2551
2509
2473
2551
2459
2427
2494
2440
2433
2532
2421
2594
2355
2368
2358
2493
2480
2529
2410
2433
2415
2519
2533
2695
2577
2344
2464
2573
2405
2435
2461
2463
2434
2408
2494
2430
2414
2532
2477
2478
2394
2445
2430
2609
2482
2428
2570
2437
2510
2445
2390
2551
2533
2591
2425
2488
2378
2480
2385
2432
2479
2535
2475
2446
2444
2433
2406
2526
2346
2390
2453
2541
2461
2406
2553
2563
2493
2423
2472
2417
2462
2580
2469
2554
2440
2472
2508
2529
2517
2429
2373
2401
2534
2433
2498
2378
2371
2397
2527
2482
2496
2548
2547
2441
2471
2548
2447
2364
2350
2530
2500
2451
2528
2528
2506
2538
2501
2489
2612
2398
2515
2487
2621
2385
2552
2360
2367
2486
2606
2409
2458
2387
2408
2448
2491
2400
2481
2465
2339
2472
2418
2411
2490
2420
2350
2409
2485
2365
2574
2445
2504
2472
2447
2500
2464
2491
2575
2409
2537
2619
2520
2506
2553
2450
2628
2560
2398
2572
2518
2471
2459
2589
2653
2436
2543
2519
2462
2390
2507
2419
2507
2493
2487
2388
2418
2470
2369
2379
2356
2570
2498
2596
2411
2395
2448
2402
2333
2388
2310
2432
2519
2545
2449
2377
2468
2430
2496
2350
2466
2482
2447
2500
2437
2495
2427
2502
2364
2393
2496
2486
2487
2495
2557
2506
2343
2590
2510
2441
2484
2454
2659
2512
2322
2495
2338
2478
2408
2484
2579
2297
2551
2571
2288
2503
2506
2534
2457
2570
2441
2502
2419
2434
2440
2457
2499
2426
2445
2498
2437
2516
2492
2506
2561
2360
2369
2436
2343
2516
2477
2505
2443
2388
2409
2383
2417
2366
2465
2456
2406
2440
2422
2429
2424
2561
2448
2336
2453
2460
2513
2515
2491
2456
2536
2325
2554
2500
2483
2356
2579
2431
2368
2409
2349
2388
2402
2429
2408
2469
2475
2452
2369
2375
2482
2447
2474
2470
2363
2552
2483
2316
2497
2441
2392
2441
2542
2475
2425
2436
2515
2524
2571
2414
2378
2502
2564
2436
2424
2458
2489
2453
2389
2497
2502
2397
2490
2405
2301
2399
2331
2408
2425
2489
2411
2595
2503
2317
2473
2483
2421
2538
2462
2463
2470
2420
2405
2358
2440
2424
2473
2314
2453
2381
2414
2434
2365
2490
2440
2483
2500
2414
2165
2298
2457
2432
2424
2448
2460
2473
2472
2545
2397
2439
2440
2535
2431
2532
2448
2461
2486
2400
2523
2457
2415
2434
2496
2408
2312
2424
2426
2381
2407
2569
2305
2454
2422
2393
2421
2424
2416
2385
2456
2508
2502
2465
2297
2258
2460
2442
2471
2405
2489
2362
2397
2356
2422
2408
2411
2348
2521
2354
2339
2278
2414
2337
2544
2431
2498
2437
2545
2509
2502
2404
2367
2383
2440
2326
2397
2350
2380
2304
2368
2335
2340
2356
2525
2421
2450
2400
2402
2579
2376
2429
2446
2538
2376
2249
2325
2393
2405
2271
2327
2504
2410
2380
2519
2573
2372
2362
2484
2355
2300
2399
2633
2375
2396
2295
2500
2348
2463
2374
2398
2398
2253
2402
2383
2411
2373
2467
2441
2504
2403
2396
2311
2467
2433
2283
2419
2426
2364
2243
2360
2304
2380
2402
2435
2437
2437
2418
2412
2320
2421
2283
2336
2440
2329
2282
2346
2320
2433
2418
2349
2497
2409
2432
2280
2338
2374
2432
2313
2368
2253
2340
2359
2326
2521
2285
2297
2344
2427
2374
2347
2356
2370
2267
2303
2377
2340
2431
2231
2513
2453
2404
2428
2409
2425
2321
2326
2527
2395
2356
2412
2377
2419
2479
2472
2310
2262
2339
2347
2324
2284
2304
2365
2309
2255
2333
2471
2300
2270
2311
2413
2461
2398
2321
2396
2461
2477
2399
2354
2378
2421
2389
2417
2360
2339
2394
2514
2305
2387
2368
2445
2315
2471
2285
2355
2220
2327
2286
2322
2369
2296
2373
2439
2393
2331
2447
2317
2282
2287
2323
2247
2390
2289
2293
2464
2397
2383
2415
2393
2298
2419
2461
2336
2421
2324
2269
2336
2255
2354
2420
2379
2362
2280
2295
2326
2328
2156
2366
2412
2381
2350
2383
2471
2531
2335
2354
2225
2396
2307
2274
2343
2277
2334
2269
2352
2385
2222
2378
2348
2297
2394
2220
2265
2276
2342
2356
2273
2393
2325
2381
2343
2412
2411
2368
2356
2310
2251
2375
2315
2293
2334
2304
2486
2329
2299
2277
2295
2301
2341
2247
2209
2386
2278
2419
2238
2212
2309
2240
2281
2304
2273
2244
2468
2191
2344
2268
2356
2220
2362
2327
2253
2286
2327
2355
2271
2326
2309
2223
2338
2375
2228
2301
2344
2363
2354
2242
2406
2223
2206
2177
2308
2190
2270
2251
2294
2227
2237
2334
2209
2264
2247
2212
2301
2322
2291
2358
2365
2307
2349
2223
2329
2329
2388
2245
2381
2340
2302
2279
2289
2179
2299
2276
2351
2286
2304
2268
2304
2239
2194
2343
2322
2240
2203
2287
2293
2356
2342
2202
2336
2121
2324
2224
2402
2268
2174
2408
2210
2286
2364
2277
2251
2235
2255
2157
2353
2280
2177
2286
2290
2283
2281
2383
2247
2299
2293
2420
2357
2194
2179
2257
2322
2239
2255
2281
2114
2357
2344
2286
2310
2272
2285
2327
2291
2137
2303
2177
2220
2341
2256
2354
2202
2292
2165
2239
2176
2372
2227
2257
2394
2345
2147
2306
2177
2321
2309
2184
2240
2260
2268
2337
2226
2215
2115
2305
2261
2272
2238
2217
2204
2324
2215
2331
2139
2120
2205
2254
2206
2259
2181
2244
2264
2281
2251
2329
2151
2174
2222
2332
2298
2131
2258
2177
2298
2312
2161
2240
2231
2275
2145
2129
2229
2232
2263
2267
2292
2228
2328
2239
2272
2274
2217
2135
2259
2249
2201
2214
2235
2033
2145
2213
2311
2219
2207
2280
2215
2253
2203
2191
2278
2283
2239
2244
2095
2090
2333
2255
2185
2152
2174
2133
2318
2267
2163
2243
2239
2261
2254
2269
2161
2354
2162
2202
2253
2205
2191
2240
2143
2272
2173
2197
2239
2311
2251
2117
2125
2160
2113
2287
2215
2233
2198
2248
2271
2192
2189
2142
2290
2165
2317
2335
2276
2206
2247
2172
2277
2246
2123
2143
2175
2205
2197
2207
2294
2249
2275
2279
2185
2263
2211
2188
2134
2227
2254
2183
2132
2209
2244
2157
2225
2349
2143
2300
2267
2228
2185
2249
2070
2170
2161
2242
2259
2155
2133
2154
2273
2107
2299
2331
2244
2103
2268
2148
2249
2202
2211
2268
2239
2261
2133
2221
2187
2212
2241
2208
2103
2199
2113
2226
2069
2222
2135
2211
2192
2206
2246
2133
2341
2176
2219
2215
2140
2258
2283
2189
2124
2254
2173
2106
2320
2090
2268
2197
2234
2175
2092
2204
2069
2184
2256
2130
2098
2197
2107
2174
2223
2163
2221
2225
2115
2302
2238
2168
2230
2228
2177
2068
2163
2118
2119
2076
2072
2075
1933
2114
2202
2102
2273
2214
2344
2134
2153
2249
2126
2249
2253
2206
2121
2085
2064
2213
2156
2250
2129
2073
2137
2209
2156
2075
2095
2148
2121
2217
2176
1984
2183
2062
2040
2093
2113
2135
2049
2109
2090
2052
2122
2119
2123
2295
2171
2167
2102
2145
2023
2190
2117
2130
2014
2107
2172
2173
2124
2146
2141
2083
2005
2120
2052
2221
2095
2140
2149
2268
2045
2094
2167
2223
2077
2101
2193
2277
2007
2218
2130
2157
2095
2093
2169
2070
2222
2194
2091
2158
1963
2272
2018
1991
2137
2001
2171
2186
2213
2138
2228
2135
1988
2115
2086
2083
2162
2197
2114
2175
2080
2112
2184
2067
2079
2058
2138
2055
2027
2086
2051
1994
2094
2091
2073
2167
2154
2237
2103
2227
2114
2110
2048
2086
2048
2069
2141
2195
2093
2152
2082
2103
2047
2187
1996
2040
2189
2138
2074
2164
2090
2141
2164
2229
2149
2170
2050
2130
2086
2149
1977
2063
2093
2077
1963
2000
2027
2056
1950
1987
2064
2144
2095
2177
1889
2025
2102
2098
2110
2022
2013
2027
2020
1993
1988
2043
2084
2069
2141
2027
2057
1970
2107
