1568
1548
1472
1544
1616
1441
1487
1598
1456
1454
1535
1572
1567
1565
1496
1266
1532
1562
1566
1478
1518
1555
1537
1601
1507
1590
1560
1522
1560
1604
1518
1554
1483
1591
1549
1557
1607
1592
1592
1571
1519
1439
1629
1501
1636
1582
1577
1439
1650
1571
1530
1481
1664
1562
1477
1513
1425
1462
1569
1497
1550
1651
1602
1545
1512
1533
1685
1590
1565
1591
1606
1634
1477
1587
1603
1544
1631
1575
1591
1605
1615
1476
1626
1514
1567
1682
1507
1706
1452
1639
1623
1572
1545
1682
1520
1603
1541
1611
1641
1540
1706
1557
1640
1670
1606
1568
1653
1581
1582
1633
1570
1604
1611
1582
1484
1641
1585
1593
1559
1600
1630
1545
1552
1619
1606
1642
1664
1691
1592
1640
1668
1582
1600
1684
1660
1637
1606
1549
1541
1681
1594
1659
1557
1671
1701
1540
1542
1616
1631
1643
1530
1548
1690
1702
1608
1616
1564
1663
1607
1711
1693
1678
1689
1577
1724
1724
1606
1626
1602
1657
1580
1583
1604
1608
1638
1546
1600
1677
1783
1717
1614
1626
1719
1710
1644
1746
1673
1668
1687
1691
1589
1695
1652
1572
1685
1655
1614
1625
1651
1661
1651
1662
1775
1683
1554
1663
1635
1567
1740
1585
1596
1624
1729
1652
1641
1592
1640
1672
1603
1621
1742
1733
1613
1666
1636
1658
1689
1764
1635
1627
1652
1694
1728
1768
1610
1651
1631
1736
1685
1741
1677
1714
1720
1668
1672
1665
1748
1590
1761
1718
1625
1599
1797
1599
1684
1666
1769
1738
1617
1735
1702
1676
1738
1720
1720
1736
1778
1687
1733
1739
1667
1647
1597
1707
1675
1744
1653
1836
1678
1760
1726
1730
1675
1787
1693
1759
1595
1663
1714
1761
1738
1722
1746
1689
1602
1858
1760
1861
1691
1652
1732
1737
1635
1765
1651
1677
1617
1648
1703
1724
1734
1773
1792
1754
1659
1811
1814
1805
1800
1715
1651
1575
1710
1701
1773
1795
1685
1877
1751
1759
1741
1793
1760
1741
1888
1796
1824
1773
1801
1786
1644
1675
1808
1787
1738
1726
1859
1768
1764
1799
1800
1757
1766
1786
1792
1727
1760
1717
1883
1717
1716
1661
1765
1800
1710
1721
1659
1731
1788
1875
1830
1797
1759
1900
1734
1753
1766
1725
1835
1740
1771
1668
1746
1669
1735
1722
1780
1718
1879
1787
1770
1884
1724
1868
1882
1816
1939
1819
1789
1776
1733
1741
1735
1789
1732
1720
1748
1771
1701
1812
1799
1858
1767
1702
1854
1812
1787
1784
1920
1778
1715
1830
1693
1825
1784
1814
1815
1868
1761
1708
1718
1805
1836
1873
1779
1797
1796
1708
1807
1665
1786
1736
1781
1683
1794
1738
1823
1877
1714
1773
1787
1805
1775
1829
1727
1863
1804
1665
1744
1791
1828
1835
1813
1709
1768
1906
1756
1759
1790
1919
1804
1858
1719
1896
1813
1909
1776
1872
1803
1891
1712
1800
1869
1863
1772
1876
1750
1820
1882
1819
1831
1799
1849
1808
1856
1828
1832
1802
1851
1912
1864
1863
1746
1796
1706
1709
1788
1851
1938
1789
1842
1773
1796
1764
1834
1887
1856
1879
1993
1813
1736
1851
1917
1758
1797
1755
1838
1794
1862
1851
1778
1767
1758
1751
1783
1790
1775
1745
1843
1832
1930
1899
1923
1839
1884
1893
1954
1852
1890
1791
1795
1841
1858
1840
1684
1851
1839
1878
1840
1860
1917
1857
1896
1912
1938
1993
1803
1796
1862
1840
1884
1931
1916
1913
1829
1900
1845
1770
1931
1871
1871
1917
1847
1846
1944
1976
1895
1927
1857
1896
1743
1968
1948
1929
1829
1949
1994
1934
1860
1911
1913
1951
1999
1902
1755
1983
1894
2014
1843
1940
1884
1907
1901
1830
2111
1940
2089
1935
2092
1986
1913
1976
1866
1977
1981
1919
1873
1930
1972
1892
2010
1941
1862
1837
1906
1989
1930
1979
1916
1923
1847
1962
1975
1963
2027
1920
1965
1952
1813
1981
2016
1964
2013
1961
1946
1850
2007
1814
1846
1843
1880
2018
2032
1961
2012
1895
1851
1987
1864
1915
1874
2031
1870
1948
1982
1929
1993
1889
1965
1982
1913
1991
2043
2012
1998
1932
1883
1966
1984
2015
1978
1900
1987
2020
1914
2060
2012
2021
1874
1962
1973
1894
1948
1996
1985
1943
1975
2036
1971
2068
2061
2075
1965
1955
2020
2029
1944
2003
2050
1857
1931
1981
1983
1881
1966
2052
1844
1991
2058
2000
1997
2043
2014
1992
2006
2118
1960
2022
2052
2077
1923
1958
1885
1935
2077
1980
1843
2022
2000
2076
1945
2039
2053
1983
2000
2036
1946
2078
1968
1965
1978
2025
1963
1918
1931
1896
1985
1980
1977
2040
2009
2041
1989
2129
2097
1927
2010
2066
2004
2004
2004
2012
2123
1937
1926
2099
2068
2113
2029
1982
2115
2129
1998
2010
2065
2012
2044
2102
2094
2096
1985
2004
2051
1966
1958
1997
1907
1921
1981
2010
2006
1987
2035
1895
1995
1943
1883
2019
1979
2014
1989
1997
2067
2052
2087
2085
2090
2035
2112
2087
2067
2128
2083
2043
1940
2034
2043
2098
1947
2003
1993
1997
2023
2106
2087
2026
2088
2122
2086
2049
2031
2089
2116
2175
1982
1977
1994
2068
2067
2063
2134
2211
2058
2069
2164
2041
2103
2037
2047
2044
2027
1980
1983
1944
1995
2034
2090
1944
2154
1961
2152
2142
2098
2054
2000
2031
2054
2108
2124
2181
2088
2050
2119
2189
2033
2055
2137
2011
2025
2062
2134
2143
2012
2139
2191
2172
2156
2136
2153
2052
2100
2111
2023
2100
2256
2164
2088
2235
2132
1971
2194
2013
2104
2180
2088
2102
2154
2055
2046
2141
2057
2182
2175
2158
1950
2186
2135
2189
2211
2158
2082
2127
2086
2090
2122
2126
2184
2107
2273
2105
2118
2107
1984
2069
1958
2118
2119
2169
2129
2237
2112
2095
2055
2140
2110
2140
2114
2148
2140
2127
2102
2130
2106
2174
2216
2113
2122
2197
2184
2060
2198
2104
2155
2199
2234
2195
2132
2087
2107
2091
2054
2201
2155
2090
2132
2187
2031
2133
2159
2095
2259
2206
2102
2194
2086
2217
2239
2104
2202
2123
2177
2182
2312
2118
2087
2230
2198
2217
2156
2166
2158
2268
2294
2201
2074
2224
2205
2031
2227
2136
2091
2122
2162
2157
2015
2139
2134
2210
2198
2210
2238
2239
2276
2196
2139
2199
2167
2063
2195
2118
2050
2244
2123
2094
2208
2293
2309
2198
2205
2236
2256
2176
2241
2135
2091
2163
2089
2238
2170
2195
2162
2232
2211
2268
2178
2235
2271
2214
2153
2277
2206
2128
2145
2265
2185
2140
2178
2168
2192
2240
2255
2157
2162
2269
2246
2269
2313
2161
2168
2277
2294
2366
2284
2108
2222
2176
2173
2212
2215
2246
2209
2225
2233
2293
2047
2302
2294
2248
2114
2184
2331
2300
2205
2195
2231
2152
2185
2120
2276
2247
2196
2244
2182
2307
2114
2157
2139
2268
2109
2295
2279
2215
2287
2211
2190
2176
2240
2241
2282
2297
2149
2373
2254
2223
2242
2091
2175
2246
2161
2246
2235
2186
2306
2265
2214
2243
2131
2240
2148
2197
2283
2103
2281
2096
2215
2214
2165
2247
2270
2220
2227
2242
2331
2202
2131
2233
2267
2274
2314
2127
2219
2295
2244
2281
2277
2220
2233
2250
2294
2302
2249
2339
2216
2341
2189
2244
2198
2184
2228
2245
2324
2345
2327
2276
2253
2230
2258
2366
2198
2175
2304
2320
2284
2338
2332
2420
2177
2252
2255
2337
2265
2435
2241
2302
2214
2329
2229
2245
2229
2340
2386
2343
2367
2323
2334
2348
2330
2408
2297
2432
2377
2315
2314
2306
2277
2403
2359
2302
2263
2323
2380
2336
2244
2376
2345
2378
2309
2324
2412
2493
2300
2350
2278
2406
2405
2345
2326
2329
2267
2175
2263
2343
2360
2311
2323
2286
2429
2285
2392
2308
2255
2368
2218
2382
2251
2294
2263
2329
2441
2373
2197
2366
2327
2343
2451
2355
2402
2384
2328
2271
2331
2360
2293
2222
2325
2367
2340
2421
2270
2356
2297
2422
2444
2425
2270
2452
2426
2393
2290
2409
2330
2334
2345
2209
2337
2341
2419
2496
2332
2422
2549
2352
2387
2408
2398
2319
2402
2349
2352
2447
2287
2526
2370
2327
2353
2339
2286
2439
2249
2275
2320
2384
2343
2464
2352
2469
2399
2324
2421
2317
2267
2436
2265
2367
2361
2253
2326
2458
2409
2270
2446
2432
2493
2431
2450
2415
2382
2437
2331
2437
2485
2301
2429
2313
2394
2352
2366
2464
2382
2440
2399
2418
2379
2317
2311
2393
2332
2581
2368
2381
2454
2276
2388
2386
2443
2354
2436
2418
2459
2415
2484
2396
2345
2420
2511
2329
2428
2393
2408
2353
2513
2457
2427
2375
2310
2435
2317
2457
2433
2481
2449
2342
2434
2341
2452
2402
2445
2462
2435
2477
2378
2489
2523
2362
2441
2418
2447
2483
2320
2321
2249
2360
2382
2549
2568
2521
2391
2493
2537
2421
2305
2464
2427
2426
2557
2430
2399
2456
2425
2596
2468
2430
2442
2434
2487
2451
2476
2452
2345
2371
2403
2411
2443
2437
2536
2492
2449
2434
2458
2539
2520
2495
2403
2663
2407
2484
2429
2504
2474
2280
2490
2516
2520
2405
2461
2352
2366
2600
2367
2557
2505
2436
2601
2533
2500
2547
2472
2479
2346
2404
2284
2393
2327
2362
2430
2317
2457
2439
2585
2640
2475
2346
2442
2388
2404
2392
2379
2468
2384
2412
2538
2566
2479
2463
2461
2454
2419
2612
2538
2317
2581
2524
2451
2406
2462
2549
2406
2538
2502
2471
2566
2510
2346
2502
2455
2514
2405
2306
2445
2513
2481
2377
2367
2399
2308
2461
2451
2381
2553
2437
2482
2452
2619
2403
2465
2527
2515
2464
2492
2437
2379
2408
2498
2491
2484
2503
2497
2472
2514
2463
2478
2415
2406
2526
2379
2442
2440
2478
2432
2380
2396
2474
2478
2503
2502
2442
2520
2468
2460
2438
2340
2443
2488
2570
2406
2501
2484
2478
2393
2636
2430
2558
2491
2637
2527
2386
2565
2603
2612
2501
2380
2452
2492
2495
2611
2471
2493
2590
2493
2571
2440
2444
2550
2487
2524
2601
2433
2496
2468
2528
2525
2540
2502
2482
2464
2524
2557
2576
2485
2469
2705
2573
2608
2523
2561
2527
2462
2531
2508
2505
2562
2489
2473
2416
2547
2509
2551
2541
2531
2463
2545
2436
2560
2425
2497
2563
2486
2513
2455
2407
2533
2426
2452
2403
2469
2509
2573
2636
2574
2587
2516
2520
2525
2538
2618
2516
2511
2643
2438
2538
2643
2704
2692
2592
2652
2550
2716
2471
2599
2568
2530
2566
2576
2599
2675
2610
2508
2576
2609
2573
2401
2614
2530
2575
2582
2529
2619
2515
2530
2466
2556
2494
2524
2406
2555
2630
2692
2637
2590
2571
2632
2634
2577
2545
2625
2514
2595
2486
2501
2541
2502
2490
2651
2596
2609
2570
2472
2628
2541
2589
2615
2651
2522
2500
2677
2622
2734
2569
2581
2590
2537
2540
2346
2507
2485
2450
2502
2471
2540
2539
2590
2577
2594
2772
2595
2539
2504
2610
2520
2511
2558
2525
2637
2638
2600
2540
2527
2428
2517
2550
2703
2605
2617
2593
2638
2589
2557
2557
2534
2469
2484
2502
2570
2656
2485
2513
2506
2543
2516
2612
2524
2637
2686
2606
2664
2561
2636
2657
2634
2695
2518
2607
2649
2573
2570
2585
2450
2591
2738
2594
2694
2704
2702
2663
2500
2615
2539
2632
2604
2589
2488
2714
2531
2617
2434
2592
2568
2594
2561
2649
2639
2444
2566
2566
2557
2530
2580
2479
2505
2615
2621
2608
2576
2467
2676
2583
2667
2607
2578
2730
2532
2598
2530
2621
2543
2642
2723
2672
2565
2600
2620
2643
2655
2507
2616
2638
2546
2570
2595
2613
2667
2697
2621
2532
2568
2639
2607
2587
2518
2560
2703
2577
2554
2683
2562
2609
2569
2624
2565
2628
2491
2540
2512
2648
2622
2515
2599
2540
2555
2580
2558
2451
2692
2636
2647
2719
2749
2562
2610
2564
2543
2551
2557
2606
2613
2560
2508
2733
2787
2617
2589
2667
2651
2710
2644
2695
2560
2589
2589
2464
2554
2562
2476
2627
2710
2638
2759
2619
2598
2551
2651
2619
2660
2640
2640
2470
2621
2628
2528
2581
2766
2670
2526
2623
2554
2610
2603
2640
2507
2708
2670
2784
2530
2626
2625
2537
2646
2581
2482
2638
2573
2594
2648
2583
2520
2684
2780
2639
2465
2646
2711
2588
2535
2689
2637
2690
2625
2484
2644
2580
2611
2644
2682
2640
2656
2599
2513
2530
2691
2575
2719
2623
2635
2613
2572
2652
2605
2633
2498
2530
2488
2565
2642
2685
2669
2537
2633
2737
2698
2624
2643
2537
2618
2644
2603
2601
2566
2657
2609
2585
2600
2585
2583
2636
2689
2665
2776
2619
2558
2644
2490
2684
2584
2591
2671
2667
2580
2693
2691
2495
2665
2663
2569
2647
2694
2677
2670
2587
2559
2631
2644
2642
2675
2631
2608
2568
2597
2730
2613
2578
2513
2551
2587
2562
2666
2554
2684
2668
2766
2699
2770
2680
2684
2699
2644
2586
2591
2707
2584
2570
2616
2713
2655
2696
2810
2677
2628
2571
2557
2778
2660
2623
2640
2716
2669
2551
2691
2555
2727
2521
2618
2714
2712
2598
2701
2505
2709
2632
2585
2530
2572
2633
2822
2630
2628
2677
2761
2650
2615
2720
2587
2626
2639
2638
2630
2739
2632
2609
2609
2770
2649
2677
2673
2812
2711
2700
2704
2628
2678
2577
2738
2516
2658
2737
2561
2722
2654
2785
2664
2628
2686
2774
2716
2691
2685
2627
2827
2667
2792
2633
2648
2684
2641
2679
2697
2584
2622
2641
2586
2745
2625
2592
2746
2549
2658
2558
2509
2616
2686
2609
2665
2692
2696
2525
2575
2753
2628
2560
2733
2675
2765
2646
2752
2739
2678
2620
2603
2822
2677
2619
2566
2820
2654
2698
2617
2635
2646
2706
2620
2672
2576
2722
2672
2684
2668
2565
2715
2572
2724
2610
2730
2624
2562
2679
2706
2726
2667
2573
2709
2693
2636
2598
2623
2663
2712
2694
2696
2716
2697
2863
2734
2734
2585
2685
2640
2582
2719
2750
2755
2626
2799
2673
2731
2717
2579
2658
2623
2549
2626
2581
2681
2766
2779
2692
2758
2732
2774
2708
2702
2727
2689
2625
2642
2608
2644
2592
2603
2573
2693
2594
2723
2710
2556
2680
2654
2571
2642
2730
2521
2729
2573
2604
2647
2733
2619
2571
2584
2665
2557
2683
2723
2589
2819
2563
2685
2585
2742
2569
2519
2559
2541
2719
2679
2688
2591
2600
2610
2809
2658
2655
2678
2632
2761
2782
2614
2715
2682
2617
2709
2672
2590
2739
2708
2792
2622
2698
2651
2705
2740
2567
2679
2751
2612
2514
2635
2626
2833
2750
2697
2756
2655
2746
2626
2811
2664
2668
2640
2553
2685
2666
2540
2656
2709
2666
2666
2669
2636
2621
2687
2647
2771
2752
2661
2678
2700
2642
2685
2546
2725
2672
2649
2644
2525
2681
2656
2637
2696
2632
2714
2637
2631
2597
2783
2712
2652
2670
2651
2579
2694
2656
2700
2651
2642
2813
2739
2746
2657
2727
2720
2738
2763
2639
2663
2734
2725
2534
2628
2697
2534
2587
2663
2655
2758
2635
2659
2733
2728
2683
2753
2658
2697
2702
2773
2682
2787
2705
2632
2833
2788
2682
2728
2790
2761
2606
2614
2670
2734
2728
2750
2616
2515
2736
2704
2627
2644
2753
2594
2672
2560
2637
2557
2727
2611
2662
2701
2643
2666
2674
2632
2670
2703
2635
2650
2685
2637
2672
2654
2742
2604
2749
2638
2768
2662
2676
2557
2656
2664
2657
2708
2550
2557
2562
2627
2754
2635
2794
2684
2717
2650
2654
2722
2709
2648
2550
2627
2543
2756
2540
2624
2613
2666
2728
2624
2527
2619
2781
2782
2570
2642
2790
2679
2691
2615
2751
2582
2654
2633
2662
2688
2620
2668
2731
2669
2622
2663
2593
2688
2690
2723
2669
2690
2727
2652
2752
2740
2729
2626
2679
2655
2728
2710
2510
2782
2659
2588
2680
2603
2744
2702
2627
2663
2662
2723
2554
2727
2615
2664
2655
2710
2613
2696
2539
2731
2626
2608
2615
2623
2632
2539
2652
2560
2723
2569
2615
2649
2637
2576
2678
2694
2688
2747
2655
2761
2708
2575
2686
2584
2553
2695
2663
2656
2755
2625
2679
2741
2655
2616
2763
2645
2770
2727
2781
2737
2641
2670
2661
2568
2701
2744
2598
2579
2495
2677
2570
2716
2647
2726
2757
2720
2676
2592
2626
2698
2539
2605
2655
2608
2621
2584
2610
2579
2619
2713
2589
2618
2661
2621
2679
2630
2683
2678
2485
2669
2647
2548
2695
2572
2605
2629
2539
2625
2622
2724
2601
2545
2656
2654
2610
2625
2728
2723
2701
2809
2668
2707
2732
2567
2803
2547
2751
2587
2638
2707
2644
2628
2812
2721
2641
2686
2638
2661
2691
2637
2562
2657
2617
2699
2576
2649
2564
2572
2639
2666
2720
2587
2602
2795
2627
2706
2807
2601
2680
2704
2621
2540
2605
2487
2499
2679
2677
2644
2703
2682
2631
2558
2645
2586
2711
2517
2631
2628
2727
2629
2693
2656
2577
2643
2738
2654
2586
2565
2587
2653
2644
2829
2623
2679
2623
2675
2680
2656
2690
2671
2423
2704
2609
2654
2615
2545
2656
2746
2504
2625
2544
2807
2711
2641
2600
2751
2696
2582
2532
2626
2660
2529
2680
2691
2683
2581
2594
2439
2734
2604
2618
2655
2555
2619
2673
2653
2633
2737
2713
2761
2656
2576
2589
2566
2618
2501
2537
2703
2550
2695
2583
2595
2555
2636
2588
2478
2523
2495
2744
2610
2547
2562
2647
2669
2842
2607
2587
2610
2762
2535
2682
2629
2686
2565
2693
2602
2638
2567
2598
2595
2617
2514
2565
2563
2728
2566
2650
2642
2698
2523
2621
2659
2768
2652
2592
2647
2536
2619
2641
2560
2550
2667
2614
2685
2695
2581
2542
2552
2500
2586
2724
2616
2613
2596
2618
2596
2511
2528
2614
2544
2595
2585
2544
2588
2547
2594
2599
2602
2616
2531
2689
2568
2596
2603
2756
2784
2641
2548
2548
2574
2679
2594
2514
2631
2523
2562
2654
2558
2533
2538
2645
2712
2647
2661
2778
2594
2722
2603
2638
2607
2604
2619
2542
2635
2471
2495
2547
2674
2497
2592
2602
2610
2739
2660
2570
2599
2572
2642
2628
2613
2655
2560
2618
2476
2526
2653
2550
2606
2516
2606
2629
2482
2637
2613
2614
2476
2564
2584
2597
2462
2494
2586
2630
2533
2569
2454
2389
2613
2539
2595
2510
2556
2717
2648
2648
2632
2540
2623
2482
2580
2652
2604
2512
2643
2675
2565
2377
2619
2553
2605
2648
2498
2625
2571
2588
2494
2632
2475
2458
2594
2507
2677
2600
2570
2468
2650
2527
2568
2565
2537
2542
2580
2627
2532
2560
2532
2551
2539
2671
2681
2478
2442
2473
2554
2453
2539
2509
2457
2562
2580
2579
2654
2503
2581
2529
2496
2422
2593
2621
2550
2589
2562
2495
2548
2495
2573
2510
2480
2585
2483
2486
2368
2564
2485
2577
2512
2649
2684
2586
2639
2508
2766
2684
2516
2582
2548
2578
2580
2469
2559
2562
2604
2696
2496
2657
2547
2486
2557
2531
2568
2499
2627
2615
2474
2527
2598
2558
2653
2597
2512
2600
2615
2618
2697
2552
2552
2632
2487
2551
2508
2530
2596
2451
2425
2550
2612
2597
2558
2498
2579
2617
2483
2520
2637
2621
2599
2548
2720
2602
2730
2598
2525
2548
2596
2653
2608
2559
2593
2468
2692
2545
2599
2498
2623
2553
2468
2568
2675
2654
2569
2571
2531
2565
2548
2579
2425
2554
2609
2534
2539
2584
2653
2555
2514
2653
2589
2594
2508
2484
2518
2531
2508
2570
2496
2567
2525
2474
2535
2631
2530
2598
2615
2448
2587
2419
2469
2475
2507
2599
2477
2482
2479
2490
2630
2472
2504
2556
2495
2576
2496
2512
2530
2602
2410
2442
2575
2531
2339
2406
2493
2546
2519
2436
2429
2488
2560
2465
2705
2472
2503
2447
2477
2618
2490
2471
2647
2540
2533
2661
2644
2528
2547
2490
2527
2438
2517
2421
2460
2533
2520
2431
2630
2544
2571
2565
2520
2695
2564
2654
2598
2581
2484
2476
2457
2590
2464
2486
2578
2605
2437
2404
2551
2543
2523
2475
2576
2480
2564
2484
2531
2467
2584
2480
2490
2488
2462
2405
2546
2569
2490
2723
2598
2604
2496
2543
2545
2348
2592
2564
2501
2550
2461
2371
2426
2382
2573
2425
2486
2554
2522
2476
2572
2517
2615
2523
2446
2344
2507
2454
2441
2623
2442
2549
2497
2600
2589
2449
2501
2407
2497
2390
2390
2464
2510
2448
2413
2540
2601
2408
2552
2517
2473
2467
2532
2663
2388
2438
2526
2388
2484
2480
2360
2574
2512
2454
2437
2357
2395
2504
2498
2505
2609
2374
2447
2419
2397
2507
2520
2512
2499
2500
2574
2421
2530
2501
2481
2544
2555
2498
2440
2507
2460
2370
2443
2565
2414
2473
2459
2587
2379
2573
2481
2480
2519
2432
2464
2495
2471
2415
2426
2403
2462
2419
2496
2410
2581
2496
2533
2422
2418
2512
2498
2421
2338
2438
2423
2530
2466
2505
2482
2425
2418
2477
2436
2449
2457
2444
2402
2410
2490
2470
2351
2427
2412
2472
2437
2406
2422
2526
2405
2471
2493
2481
2498
2478
2417
2487
2514
2440
2472
2378
2377
2440
2475
2383
2393
2434
2534
2402
2470
2396
2491
2465
2323
2406
2394
2348
2568
2498
2451
2361
2392
2565
2377
2413
2395
2408
2466
2343
2402
2430
2489
2296
2327
2498
2391
2488
2548
2420
2447
2547
2374
2304
2428
2380
2458
2422
2468
2405
2459
2430
2456
2502
2358
2349
2401
2408
2506
2517
2397
2530
2424
2441
2453
2426
2391
2494
2418
2516
2552
2480
2295
2405
2392
2429
2446
2380
2408
2321
2261
2379
2550
2314
2462
2453
2519
2455
2403
2431
2304
2318
2540
2501
2420
2432
2375
2412
2439
2399
2391
2426
2478
2458
2406
2327
2390
2428
2470
2331
2404
2325
2401
2351
2412
2362
2385
2405
2439
2447
2454
2388
2358
2378
2315
2298
2365
2382
2458
2371
2397
2343
2469
2493
2440
2375
2331
2241
2416
2304
2338
2356
2408
2285
2441
2291
2329
2443
2283
2469
2342
2357
2367
2364
2509
2477
