Temps	Pendule{1}	Temps	Pendule{2}	Var
0	4.11374145001173	0	3.87164109852165	NAN
0.01	3.16753555834293	0.01	2.74747145595029	
0.02	3.48293752223253	0.02	3.01727217016742	
0.03	2.26638709008694	0.03	1.8481357418932	
0.04	2.08615739643574	0.04	1.66826859908178	
0.05	1.63558316230774	0.05	1.3535010991618	
0.06	1.18500892817974	0.06	0.858866456430405	
0.07	1.18500892817974	0.07	0.858866456430405	
0.08	0.373975306749344	0.08	0.0944310994818807	
0.09	-0.346943467855453	0.09	-0.580070686060935	
0.1	-0.121656350791454	0.1	-0.445170328952372	
0.11	-1.42832162976265	0.11	-1.34450604300946	
0.12	-1.29314935952425	0.12	-1.61430675722659	
0.13	-0.797517701983452	0.13	-1.07470532879233	
0.14	-2.19429782778025	0.14	-2.37874211417511	
0.15	-1.69866617023945	0.15	-1.83914068574086	
0.16	-3.50096310675144	0.16	-3.45794497104362	
0.17	-2.78004433214664	0.17	-2.73847639979795	
0.18	-3.68119280040264	0.18	-3.7727124709636	
0.19	-3.50096310675144	0.19	-3.41297818534076	
0.2	-4.49222642183304	0.2	-4.49218104220927	
0.21	-5.21314519643784	0.21	-5.07674925634637	
0.22	-5.12303034961224	0.22	-5.12171604204923	
0.23	-5.39337489008904	0.23	-5.07674925634637	
0.24	-6.20440851151943	0.24	-5.97608497040346	
0.25	-5.16808777302504	0.25	-5.12171604204923	
0.26	-6.42969562858343	0.26	-6.3358192560263	
0.27	-6.97038470953703	0.27	-6.65058675594628	
0.28	-6.92532728612423	0.28	-6.74052032735199	
0.29	-7.42095894366503	0.29	-6.96535425586626	
0.3	-6.97038470953703	0.3	-6.60561997024342	
0.31	-7.42095894366503	0.31	-7.10025461297482	
0.32	-8.05176287144423	0.32	-7.59488925570622	
0.33	-7.78141833096743	0.33	-7.54992247000337	
0.34	-7.78141833096743	0.34	-7.23515497008339	
0.35	-8.05176287144423	0.35	-7.81972318422049	
0.36	-8.23199256509542	0.36	-7.63985604140908	
0.37	-8.18693514168262	0.37	-7.81972318422049	
0.38	-8.27704998850822	0.38	-7.9096567556262	
0.39	-7.96164802461863	0.39	-7.37005532719195	
0.4	-8.41222225874662	0.4	-7.95462354132906	
0.41	-8.63750937581062	0.41	-7.95462354132906	
0.42	-8.23199256509542	0.42	-7.77475639851764	
0.43	-8.59245195239782	0.43	-7.99959032703191	
0.44	-8.05176287144423	0.44	-7.59488925570622	
0.45	-8.18693514168262	0.45	-7.68482282711193	
0.46	-7.15061440318823	0.46	-6.56065318454057	
0.47	-7.96164802461863	0.47	-7.45998889859766	
0.48	-7.46601636707783	0.48	-6.96535425586626	
0.49	-7.55613121390343	0.49	-7.05528782727197	
0.5	-6.83521243929863	0.5	-6.15595211321488	
0.51	-7.24072925001383	0.51	-6.69555354164913	
0.52	-7.01544213294983	0.52	-6.11098532751203	
0.53	-5.79889170080423	0.53	-5.25661639915779	
0.54	-6.11429366469383	0.54	-5.57138389907777	
0.55	-6.33958078175783	0.55	-5.61635068478063	
0.56	-5.61866200715303	0.56	-5.07674925634637	
0.57	-5.75383427739143	0.57	-4.94184889923781	
0.58	-5.03291550278664	0.58	-4.53714782791212	
0.59	-4.49222642183304	0.59	-3.72774568526074	
0.6	-4.26693930476904	0.6	-3.7727124709636	
0.61	-3.68119280040264	0.61	-2.96331032831222	
0.62	-3.68119280040264	0.62	-3.09821068542078	
0.63	-3.59107795357704	0.63	-2.87337675690651	
0.64	-2.14924040436745	0.64	-1.65927354292944	
0.65	-2.55475721508265	0.65	-2.06397461425513	
0.66	-1.20303451269865	0.66	-0.759937828872353	
0.67	-1.69866617023945	0.67	-1.25457247160375	
0.68	-0.346943467855453	0.68	0.0494643137790263	
0.69	-0.932689972221851	0.69	-0.445170328952372	
0.7	0.373975306749344	0.7	0.768932885024697	
0.71	-0.0315415039658546	0.71	0.364231813699007	
0.72	0.373975306749344	0.72	1.12866717064753	
0.73	0.779492117464542	0.73	1.21860074205324	
0.74	1.90592770278454	0.74	2.25283681321889	
0.75	1.63558316230774	0.75	1.93806931329891	
0.76	2.53673163056374	0.76	3.06223895587027	
0.77	2.35650193691254	0.77	2.74747145595029	
0.78	3.66316721588373	0.78	4.00654145563021	
0.79	3.03236328810453	0.79	3.3320396700874	
0.8	4.38408599048853	0.8	4.63607645547017	
0.81	3.79833948612213	0.81	4.14144181273878	
0.82	4.42914341390133	0.82	4.72601002687588	
0.83	4.20385629683733	0.83	4.59110966976732	
0.84	4.96983249485493	0.84	5.17567788390443	
0.85	5.01488991826773	0.85	5.22064466960728	
0.86	5.87098096311092	0.86	5.98508002655581	
0.87	5.37534930557013	0.87	5.71527931233868	
0.88	6.14132550358772	0.88	6.29984752647579	
0.89	5.91603838652372	0.89	6.16494716936722	
0.9	7.26776108890772	0.9	7.24415002623573	
0.91	6.72707200795412	0.91	7.06428288342431	
0.92	6.95235912501812	0.92	6.92938252631575	
0.93	7.71833532303572	0.93	7.78375145466998	
0.94	6.86224427819252	0.94	6.92938252631575	
0.95	8.21396698057652	0.95	8.23341931169853	
0.96	7.53810562938452	0.96	7.42401716904715	
0.97	7.31281851232052	0.97	7.28911681193858	
0.98	8.48431152105331	0.98	8.41328645450994	
0.99	7.62822047621012	0.99	7.46898395475	
1	7.71833532303572	1	7.87368502607569	
1.01	8.57442636787891	1.01	8.32335288310423	
1.02	7.67327789962292	1.02	7.46898395475	
1.03	7.35787593573332	1.03	7.15421645483002	
1.04	7.89856501668692	1.04	7.64885109756142	
1.05	7.44799078255892	1.05	7.42401716904715	
1.06	7.53810562938452	1.06	7.28911681193858	
1.07	7.08753139525652	1.07	7.01931609772146	
1.08	7.22270366549492	1.08	6.92938252631575	
1.09	6.68201458454132	1.09	6.43474788358435	
1.1	7.58316305279732	1.1	7.24415002623573	
1.11	6.32155519723892	1.11	6.07501359796152	
1.12	7.26776108890772	1.12	6.74951538350433	
1.13	5.91603838652372	1.13	5.58037895523012	
1.14	6.27649777382612	1.14	5.85017966944724	
1.15	5.55557899922132	1.15	5.17567788390443	
1.16	6.00615323334932	1.16	5.67031252663583	
1.17	5.05994734168053	1.17	4.63607645547017	
1.18	5.55557899922132	1.18	5.08574431249872	
1.19	4.47420083731413	1.19	3.96157466992736	
1.2	3.75328206270933	1.2	3.42197324149311	
1.21	4.02362660318613	1.21	3.51190681289881	
1.22	3.03236328810453	1.22	2.74747145595029	
1.23	3.84339690953493	1.23	3.3320396700874	
1.24	2.35650193691254	1.24	1.93806931329891	
1.25	2.40155936032534	1.25	2.11793645611033	
1.26	1.90592770278454	1.26	1.39846788486466	
1.27	1.41029604524374	1.27	1.17363395635039	
1.28	1.59052573889494	1.28	1.03873359924182	
1.29	0.644319847226143	1.29	0.139397885184735	
1.3	0.103630766272545	1.3	-0.2203364004381	
1.31	-0.0765989273786545	1.31	-0.535103900358081	
1.32	-0.392000891268253	1.32	-0.62503747176379	
1.33	-0.797517701983452	1.33	-1.34450604300946	
1.34	-1.74372359365225	1.34	-1.97404104284942	
1.35	-1.74372359365225	1.35	-2.15390818566084	
1.36	-2.28441267460585	1.36	-2.69350961409509	
1.37	-2.68992948532104	1.37	-2.87337675690651	
1.38	-3.14050371944904	1.38	-3.54787854244933	
1.39	-2.68992948532104	1.39	-3.18814425682649	
1.4	-3.90647991746664	1.4	-4.267347113695	
1.41	-3.72625022381544	1.41	-3.90761282807216	
1.42	-4.44716899842024	1.42	-4.76198175642639	
1.43	-4.67245611548424	1.43	-4.71701497072354	
1.44	-5.07797292619944	1.44	-5.39151675626636	
1.45	-5.07797292619944	1.45	-5.12171604204923	
1.46	-5.34831746667624	1.46	-5.61635068478063	
1.47	-6.38463820517063	1.47	-6.42575282743201	
1.48	-5.84394912421703	1.48	-5.93111818470061	
1.49	-6.47475305199623	1.49	-6.69555354164913	
1.5	-6.24946593493223	1.5	-6.24588568462059	
1.51	-7.15061440318823	1.51	-7.28012175578624	
1.52	-6.74509759247303	1.52	-6.9203874701634	
1.53	-7.69130348414183	1.53	-7.63985604140908	
1.54	-7.55613121390343	1.54	-7.59488925570622	
1.55	-7.82647575438023	1.55	-7.54992247000337	
1.56	-7.73636090755463	1.56	-7.77475639851764	
1.57	-8.32210741192102	1.57	-8.08952389843762	
1.58	-7.91659060120583	1.58	-7.86468996992335	
1.59	-7.78141833096743	1.59	-7.54992247000337	
1.6	-8.09682029485703	1.6	-7.95462354132906	
1.61	-8.36716483533382	1.61	-7.99959032703191	
1.62	-8.23199256509542	1.62	-8.04455711273476	
1.63	-7.96164802461863	1.63	-7.54992247000337	
1.64	-8.32210741192102	1.64	-8.08952389843762	
1.65	-7.73636090755463	1.65	-7.32508854148909	
1.66	-8.00670544803143	1.66	-7.77475639851764	
1.67	-6.92532728612423	1.67	-6.69555354164913	
1.68	-8.09682029485703	1.68	-7.59488925570622	
1.69	-7.37590152025223	1.69	-7.05528782727197	
1.7	-7.51107379049063	1.7	-7.23515497008339	
1.71	-7.28578667342663	1.71	-6.65058675594628	
1.72	-7.28578667342663	1.72	-6.87542068446055	
1.73	-5.93406397104263	1.73	-5.61635068478063	
1.74	-6.79015501588583	1.74	-6.3358192560263	
1.75	-6.24946593493223	1.75	-5.66131747048348	
1.76	-6.38463820517063	1.76	-5.75125104188919	
1.77	-5.48348973691463	1.77	-4.8519153278321	
1.78	-5.52854716032743	1.78	-5.03178247064352	
1.79	-4.53728384524584	1.79	-3.95257961377501	
1.8	-4.76257096230984	1.8	-4.31231389939785	
1.81	-4.62739869207144	1.81	-3.81767925666645	
1.82	-4.13176703453064	1.82	-3.59284532815218	
1.83	-4.13176703453064	1.83	-3.32304461393505	
1.84	-2.78004433214664	1.84	-2.10894139995798	
1.85	-2.96027402579784	1.85	-2.42370889987797	
1.86	-2.46464236825705	1.86	-1.7042403286323	
1.87	-2.19429782778025	1.87	-1.56933997152373	
1.88	-2.28441267460585	1.88	-1.43443961441517	
1.89	-0.842575125396252	1.89	-0.2203364004381	
1.9	-1.02280481904745	1.9	-0.445170328952372	
1.91	-0.437058314681053	1.91	0.319265027996153	
1.92	-0.437058314681053	1.92	0.184364670887589	
1.93	-0.211771197617054	1.93	0.634032527916133	
1.94	0.644319847226143	1.94	1.17363395635039	
1.95	0.554205000400543	1.95	1.26356752775609	
1.96	1.50041089206934	1.96	1.98303609900177	
1.97	1.36523862183094	1.97	2.16290324181318	
1.98	2.13121481984854	1.98	2.70250467024744	
1.99	2.13121481984854	1.99	2.92733859876171	
2	3.57305236905813	2	4.05150824133307	
2.01	2.76201874762774	2.01	3.60184038430452	
2.02	3.52799494564533	2.02	4.00654145563021	
2.03	4.24891372025013	2.03	4.95084395539016	
2.04	4.15879887342453	2.04	4.63607645547017	
2.05	4.20385629683733	2.05	4.86091038398445	
2.06	5.51052157580853	2.06	5.98508002655581	
2.07	5.19511961191893	2.07	5.67031252663583	
2.08	6.32155519723892	2.08	6.74951538350433	
2.09	5.42040672898293	2.09	5.94011324085295	
2.1	5.91603838652372	2.1	6.3897810978815	
2.11	6.05121065676212	2.11	6.70454859780148	
2.12	6.36661262065172	2.12	6.70454859780148	
2.13	7.08753139525652	2.13	7.64885109756142	
2.14	6.54684231430292	2.14	6.9743493120186	
2.15	7.76339274644852	2.15	8.09851895458996	
2.16	7.08753139525652	2.16	7.37905038334429	
2.17	7.76339274644852	2.17	8.14348574029282	
2.18	7.26776108890772	2.18	7.51395074045286	
2.19	7.62822047621012	2.19	8.09851895458996	
2.2	7.40293335914612	2.2	7.60388431185856	
2.21	7.13258881866932	2.21	7.42401716904715	
2.22	8.34913925081491	2.22	8.50322002591565	
2.23	7.53810562938452	2.23	7.73878466896713	
2.24	7.22270366549492	2.24	7.37905038334429	
2.25	8.30408182740211	2.25	8.27838609740138	
2.26	7.17764624208212	2.26	7.24415002623573	
2.27	8.07879471033812	2.27	7.9636185974814	
2.28	6.77212943136692	2.28	6.92938252631575	
2.29	7.80845016986132	2.29	7.73878466896713	
2.3	6.77212943136692	2.3	6.70454859780148	
2.31	7.22270366549492	2.31	7.28911681193858	
2.32	6.59189973771572	2.32	6.4797146692872	
2.33	5.96109580993652	2.33	6.07501359796152	
2.34	6.54684231430292	2.34	6.29984752647579	
2.35	5.82592353969812	2.35	5.67031252663583	
2.36	6.36661262065172	2.36	6.11998038366437	
2.37	5.46546415239573	2.37	5.17567788390443	
2.38	5.69075126945972	2.38	5.58037895523012	
2.39	4.69948795437813	2.39	4.36627574125305	
2.4	4.78960280120373	2.4	4.50117609836161	
2.41	3.79833948612213	2.41	3.73674074141309	
2.42	3.88845433294773	2.42	3.60184038430452	
2.43	3.34776525199413	2.43	2.97230538446456	
2.44	3.25765040516853	2.44	2.837405027356	
2.45	3.21259298175573	2.45	3.01727217016742	
2.46	2.35650193691254	2.46	1.98303609900177	
2.47	2.40155936032534	2.47	2.20787002751604	
2.48	1.72569800913334	2.48	1.26356752775609	
2.49	1.04983665794134	2.49	0.634032527916133	
2.5	1.13995150476694	2.5	0.589065742213279	
2.51	0.148688189685345	2.51	-0.2203364004381	
2.52	0.148688189685345	2.52	-0.355236757546663	
2.53	-0.707402855157852	2.53	-0.984771757386625	
2.54	0.148688189685345	2.54	-0.445170328952372	
2.55	-1.15797708928585	2.55	-1.65927354292944	
2.56	-0.752460278570652	2.56	-1.29953925730661	
2.57	-1.74372359365225	2.57	-2.2888085427694	
2.58	-2.68992948532104	2.58	-3.00827711401507	
2.59	-2.55475721508265	2.59	-3.14317747112364	
2.6	-2.91521660238504	2.6	-3.18814425682649	
2.61	-3.27567598968744	2.61	-3.81767925666645	
2.62	-4.08670961111784	2.62	-4.49218104220927	
2.63	-3.27567598968744	2.63	-3.95257961377501	
2.64	-4.76257096230984	2.64	-5.16668282775208	
2.65	-4.67245611548424	2.65	-5.21164961345494	
2.66	-5.43843231350183	2.66	-5.75125104188919	
2.67	-5.48348973691463	2.67	-5.75125104188919	
2.68	-5.66371943056583	2.68	-6.15595211321488	
2.69	-6.02417881786823	2.69	-6.24588568462059	
2.7	-5.61866200715303	2.7	-6.06601854180917	
2.71	-6.42969562858343	2.71	-6.9203874701634	
2.72	-5.93406397104263	2.72	-6.29085247032344	
2.73	-7.10555697977543	2.73	-7.45998889859766	
2.74	-7.15061440318823	2.74	-7.23515497008339	
2.75	-6.38463820517063	2.75	-6.8304538987577	
2.76	-7.73636090755463	2.76	-7.95462354132906	
2.77	-7.42095894366503	2.77	-7.77475639851764	
2.78	-7.82647575438023	2.78	-7.9096567556262	
2.79	-7.51107379049063	2.79	-7.81972318422049	
2.8	-8.05176287144423	2.8	-8.08952389843762	
2.81	-7.15061440318823	2.81	-7.50495568430051	
2.82	-8.23199256509542	2.82	-8.26939104124904	
2.83	-7.82647575438023	2.83	-8.04455711273476	
2.84	-7.82647575438023	2.84	-7.81972318422049	
2.85	-7.82647575438023	2.85	-8.04455711273476	
2.86	-7.69130348414183	2.86	-7.63985604140908	
2.87	-7.69130348414183	2.87	-7.77475639851764	
2.88	-8.00670544803143	2.88	-7.86468996992335	
2.89	-7.51107379049063	2.89	-7.54992247000337	
2.9	-6.60992532223463	2.9	-6.65058675594628	
2.91	-7.33084409683943	2.91	-7.32508854148909	
2.92	-6.38463820517063	2.92	-6.3358192560263	
2.93	-7.15061440318823	2.93	-7.05528782727197	
2.94	-6.51981047540903	2.94	-6.15595211321488	
2.95	-6.70004016906023	2.95	-6.51568639883772	
2.96	-5.84394912421703	2.96	-5.75125104188919	
2.97	-6.38463820517063	2.97	-6.06601854180917	
2.98	-5.66371943056583	2.98	-5.39151675626636	
2.99	-5.61866200715303	2.99	-5.39151675626636	
3	-4.94280065596104	3	-4.44721425650641	
3.01	-4.89774323254824	3.01	-4.62708139931783	
3.02	-3.68119280040264	3.02	-3.41297818534076	
3.03	-4.17682445794344	3.03	-3.81767925666645	
3.04	-4.22188188135624	3.04	-3.63781211385503	
3.05	-3.41084825992584	3.05	-3.05324389971793	
3.06	-2.50969979166985	3.06	-2.01900782855228	
3.07	-3.00533144921064	3.07	-2.51364247128367	
3.08	-1.56349390000105	3.08	-1.11967211449519	
3.09	-2.41958494484425	3.09	-1.794173900038	
3.1	-1.60855132341385	3.1	-1.16463890019804	
3.11	-1.60855132341385	3.11	-0.894838185980916	
3.12	-0.797517701983452	3.12	-0.310269971843809	
3.13	-0.842575125396252	3.13	-0.175369614735246	
3.14	-0.0315415039658546	3.14	0.454165385104716	
3.15	0.103630766272545	3.15	0.678999313618988	
3.16	0.328917883336544	3.16	1.08370038494468	
3.17	1.90592770278454	3.17	2.43270395603031	
3.18	1.36523862183094	3.18	1.98303609900177	
3.19	2.71696132421494	3.19	3.28707288438454	
3.2	1.95098512619734	3.2	2.61257109884173	
3.21	3.39282267540693	3.21	3.9166078842245	
3.22	2.71696132421494	3.22	3.64680717000738	
3.23	3.61810979247093	3.23	4.18640859844163	
3.24	3.21259298175573	3.24	4.09647502703592	
3.25	3.93351175636053	3.25	4.59110966976732	
3.26	4.33902856707573	3.26	5.22064466960728	
3.27	4.51925826072693	3.27	5.22064466960728	
3.28	4.69948795437813	3.28	5.62534574093297	
3.29	5.24017703533173	3.29	5.8951464551501	
3.3	5.05994734168053	3.3	5.85017966944724	
3.31	6.00615323334932	3.31	6.65958181209862	
3.32	5.60063642263412	3.32	6.29984752647579	
3.33	6.99741654843092	3.33	7.55891752615571	
3.34	6.05121065676212	3.34	6.74951538350433	
3.35	7.31281851232052	3.35	7.91865181177855	
3.36	6.72707200795412	3.36	7.24415002623573	
3.37	6.90730170160532	3.37	7.73878466896713	
3.38	6.99741654843092	3.38	7.55891752615571	
3.39	6.77212943136692	3.39	7.60388431185856	
3.4	7.08753139525652	3.4	7.64885109756142	
3.41	7.35787593573332	3.41	8.14348574029282	
3.42	7.22270366549492	3.42	7.69381788326427	
3.43	6.86224427819252	3.43	7.60388431185856	
3.44	7.35787593573332	3.44	7.78375145466998	
3.45	6.99741654843092	3.45	7.73878466896713	
3.46	7.17764624208212	3.46	7.51395074045286	
3.47	7.62822047621012	3.47	8.18845252599567	
3.48	7.04247397184372	3.48	7.33408359764144	
3.49	7.71833532303572	3.49	8.00858538318425	
3.5	6.50178489089012	3.5	7.10924966912717	
3.51	6.77212943136692	3.51	7.06428288342431	
3.52	7.44799078255892	3.52	7.69381788326427	
3.53	6.41167004406452	3.53	6.65958181209862	
3.54	6.54684231430292	3.54	6.9743493120186	
3.55	6.09626808017492	3.55	6.25488074077293	
3.56	6.72707200795412	3.56	6.88441574061289	
3.57	5.55557899922132	3.57	5.67031252663583	
3.58	6.14132550358772	3.58	6.20991395507008	
3.59	4.65443053096533	3.59	4.86091038398445	
3.6	5.60063642263412	3.6	5.53541216952726	
3.61	4.29397114366293	3.61	4.32130895555019	
3.62	4.20385629683733	3.62	4.45620931265876	
3.63	4.42914341390133	3.63	4.27634216984734	
3.64	3.07742071151733	3.64	3.24210609868169	
3.65	3.97856917977333	3.65	3.9166078842245	
3.66	2.40155936032534	3.66	2.47767074173316	
3.67	3.21259298175573	3.67	2.97230538446456	
3.68	1.77075543254614	3.68	1.71323538478464	
3.69	1.77075543254614	3.69	1.8481357418932	
3.7	1.27512377500534	3.7	0.993766813538969	
3.71	0.599262423813343	3.71	0.544098956510425	
3.72	1.36523862183094	3.72	0.948800027836114	
3.73	0.058573342859745	3.73	-0.265303186140954	
3.74	0.599262423813343	3.74	0.229331456590444	
3.75	-0.527173161506653	3.75	-0.894838185980916	
3.76	-0.797517701983452	3.76	-0.984771757386625	
3.77	-1.29314935952425	3.77	-1.83914068574086	
3.78	-0.752460278570652	3.78	-1.38947282871231	
3.79	-2.05912555754185	3.79	-2.60357604268938	
3.8	-1.83383844047785	3.8	-2.24384175706655	
3.81	-2.73498690873384	3.81	-3.41297818534076	
3.82	-2.82510175555944	3.82	-3.14317747112364	
3.83	-3.32073341310024	3.83	-3.95257961377501	
3.84	-3.77130764722824	3.84	-4.08747997088358	
3.85	-4.04165218770504	3.85	-4.71701497072354	
3.86	-4.76257096230984	3.86	-5.12171604204923	
3.87	-4.71751353889704	3.87	-5.3465499705635	
3.88	-4.53728384524584	3.88	-4.98681568494067	
3.89	-5.30326004326344	3.89	-5.88615139899775	
3.9	-5.48348973691463	3.9	-5.8411846132949	
3.91	-5.84394912421703	3.91	-6.47071961313486	
3.92	-6.51981047540903	3.92	-6.96535425586626	
3.93	-5.52854716032743	3.93	-6.11098532751203	
3.94	-6.88026986271143	3.94	-7.4150221128948	
3.95	-6.60992532223463	3.95	-7.19018818438053	
3.96	-7.06049955636263	3.96	-7.63985604140908	
3.97	-7.37590152025223	3.97	-7.63985604140908	
3.98	-7.19567182660103	3.98	-7.77475639851764	
3.99	-7.64624606072903	3.99	-7.95462354132906	
4	-7.55613121390343	4	-8.08952389843762	
4.01	-7.69130348414183	4.01	-7.95462354132906	
4.02	-7.55613121390343	4.02	-8.08952389843762	
4.03	-7.96164802461863	4.03	-8.22442425554618	
4.04	-7.64624606072903	4.04	-8.08952389843762	
4.05	-8.05176287144423	4.05	-8.31435782695189	
4.06	-7.15061440318823	4.06	-7.68482282711193	
4.07	-7.91659060120583	4.07	-8.26939104124904	
4.08	-7.15061440318823	4.08	-7.4150221128948	
4.09	-7.55613121390343	4.09	-7.95462354132906	
4.1	-7.42095894366503	4.1	-7.54992247000337	
4.11	-7.24072925001383	4.11	-7.63985604140908	
4.12	-6.33958078175783	4.12	-6.65058675594628	
4.13	-6.97038470953703	4.13	-7.28012175578624	
4.14	-6.29452335834503	4.14	-6.38078604172915	
4.15	-6.79015501588583	4.15	-7.05528782727197	
4.16	-5.57360458374023	4.16	-5.8411846132949	
4.17	-6.33958078175783	4.17	-6.56065318454057	
4.18	-5.25820261985064	4.18	-5.48145032767206	
4.19	-5.70877685397863	4.19	-5.88615139899775	
4.2	-4.89774323254824	4.2	-4.89688211353496	
4.21	-5.39337489008904	4.21	-5.39151675626636	
4.22	-3.99659476429224	4.22	-4.13244675658643	
4.23	-4.85268580913544	4.23	-4.80694854212925	
4.24	-4.04165218770504	4.24	-4.08747997088358	
4.25	-4.22188188135624	4.25	-4.04251318518072	
4.26	-3.41084825992584	4.26	-3.32304461393505	
4.27	-3.41084825992584	4.27	-3.2780778282322	
4.28	-2.68992948532104	4.28	-2.60357604268938	
4.29	-2.55475721508265	4.29	-2.46867568558082	
4.3	-1.42832162976265	4.3	-1.16463890019804	
4.31	-2.01406813412905	4.31	-1.7042403286323	
4.32	-1.20303451269865	4.32	-0.714971043169498	
4.33	-0.842575125396252	4.33	-0.670004257466644	
4.34	-0.392000891268253	4.34	0.0944310994818807	
4.35	-0.0765989273786545	4.35	0.184364670887589	
4.36	-0.0765989273786545	4.36	0.274298242293298	
4.37	0.689377270638943	4.37	0.993766813538969	
4.38	1.18500892817974	4.38	1.71323538478464	
4.39	1.41029604524374	4.39	1.80316895619035	
4.4	1.63558316230774	4.4	2.02800288470462	
4.41	1.77075543254614	4.41	2.3427703846246	
4.42	2.17627224326134	4.42	2.97230538446456	
4.43	2.85213359445333	4.43	3.3320396700874	
4.44	2.89719101786613	4.44	3.64680717000738	
4.45	3.52799494564533	4.45	4.00654145563021	
4.46	4.42914341390133	4.46	5.08574431249872	
4.47	4.20385629683733	4.47	4.77097681257874	
4.48	4.38408599048853	4.48	5.26561145531014	
4.49	4.83466022461653	4.49	5.4005118124187	
4.5	4.74454537779093	4.5	5.4005118124187	
4.51	5.10500476509333	4.51	5.98508002655581	
4.52	5.55557899922132	4.52	6.20991395507008	
4.53	5.60063642263412	4.53	6.25488074077293	
4.54	5.82592353969812	4.54	6.74951538350433	
4.55	6.14132550358772	4.55	6.83944895491004	
4.56	6.45672746747732	4.56	7.33408359764144	
4.57	6.45672746747732	4.57	7.15421645483002	
4.58	7.40293335914612	4.58	8.09851895458996	
4.59	6.50178489089012	4.59	7.24415002623573	
4.6	7.67327789962292	4.6	8.23341931169853	
4.61	6.68201458454132	4.61	7.46898395475	
4.62	7.26776108890772	4.62	8.00858538318425	
4.63	6.72707200795412	4.63	7.55891752615571	
4.64	7.17764624208212	4.64	7.91865181177855	
4.65	6.72707200795412	4.65	7.55891752615571	
4.66	7.89856501668692	4.66	8.63812038302422	
4.67	6.90730170160532	4.67	7.55891752615571	
4.68	7.35787593573332	4.68	8.23341931169853	
4.69	7.44799078255892	4.69	8.09851895458996	
4.7	6.59189973771572	4.7	7.28911681193858	
4.71	6.86224427819252	4.71	7.46898395475	
4.72	6.68201458454132	4.72	7.51395074045286	
4.73	6.54684231430292	4.73	7.15421645483002	
4.74	6.72707200795412	4.74	7.42401716904715	
4.75	6.18638292700052	4.75	6.70454859780148	
4.76	5.60063642263412	4.76	6.34481431217864	
4.77	6.32155519723892	4.77	6.74951538350433	
4.78	5.10500476509333	4.78	5.71527931233868	
4.79	5.82592353969812	4.79	6.20991395507008	
4.8	4.60937310755253	4.8	5.22064466960728	
4.81	5.10500476509333	4.81	5.49044538382441	
4.82	4.06868402659893	4.82	4.63607645547017	
4.83	4.24891372025013	4.83	4.59110966976732	
4.84	3.75328206270933	4.84	4.36627574125305	
4.85	3.52799494564533	4.85	3.8266743128188	
4.86	3.84339690953493	4.86	4.14144181273878	
4.87	2.76201874762774	4.87	2.97230538446456	
4.88	3.30270782858133	4.88	3.51190681289881	
4.89	1.99604254961014	4.89	2.16290324181318	
4.9	2.08615739643574	4.9	2.43270395603031	
4.91	1.36523862183094	4.91	1.48840145627037	
4.92	1.86087027937174	4.92	1.8481357418932	
4.93	0.644319847226143	4.93	0.678999313618988	
4.94	1.13995150476694	4.94	1.12866717064753	
4.95	-0.211771197617054	4.95	-0.265303186140954	
4.96	0.0135159194469452	4.96	0.0944310994818807	
4.97	-0.572230584919453	4.97	-0.670004257466644	
4.98	-1.42832162976265	4.98	-1.2096056859009	
4.99	-1.15797708928585	4.99	-1.34450604300946	
5	-2.32947009801865	5	-2.19887497136369	
5.01	-2.28441267460585	5.01	-2.42370889987797	
5.02	-2.37452752143145	5.02	-2.37874211417511	
5.03	-3.09544629603624	5.03	-3.36801139963791	
5.04	-3.45590568333864	5.04	-3.41297818534076	
5.05	-3.63613537698984	5.05	-3.95257961377501	
5.06	-4.44716899842024	5.06	-4.53714782791212	
5.07	-4.31199672818184	5.07	-4.67204818502069	
5.08	-4.94280065596104	5.08	-5.21164961345494	
5.09	-4.22188188135624	5.09	-4.58211461361498	
5.1	-5.30326004326344	5.1	-5.70628425618634	
5.11	-5.61866200715303	5.11	-5.75125104188919	
5.12	-5.84394912421703	5.12	-6.20091889891773	
5.13	-6.33958078175783	5.13	-6.51568639883772	
5.14	-6.20440851151943	5.14	-6.65058675594628	
5.15	-6.29452335834503	5.15	-6.56065318454057	
5.16	-6.88026986271143	5.16	-7.32508854148909	
5.17	-6.20440851151943	5.17	-6.74052032735199	
5.18	-7.42095894366503	5.18	-7.77475639851764	
5.19	-7.15061440318823	5.19	-7.59488925570622	
5.2	-6.65498274564743	5.2	-7.10025461297482	
5.21	-7.42095894366503	5.21	-7.95462354132906	
5.22	-6.70004016906023	5.22	-7.19018818438053	
5.23	-7.64624606072903	5.23	-8.22442425554618	
5.24	-7.37590152025223	5.24	-7.72978961281478	
5.25	-7.64624606072903	5.25	-8.17945746984333	
5.26	-7.33084409683943	5.26	-7.68482282711193	
5.27	-7.55613121390343	5.27	-8.17945746984333	
5.28	-7.60118863731623	5.28	-7.86468996992335	
5.29	-7.46601636707783	5.29	-8.04455711273476	
5.3	-7.64624606072903	5.3	-7.95462354132906	
5.31	-7.33084409683943	5.31	-7.99959032703191	
5.32	-6.65498274564743	5.32	-7.05528782727197	
5.33	-7.10555697977543	5.33	-7.68482282711193	
5.34	-7.19567182660103	5.34	-7.4150221128948	
5.35	-5.97912139445543	5.35	-6.56065318454057	
5.36	-6.60992532223463	5.36	-7.14522139867768	
5.37	-6.33958078175783	5.37	-6.56065318454057	
5.38	-6.15935108810663	5.38	-6.69555354164913	
5.39	-5.93406397104263	5.39	-6.06601854180917	
5.4	-5.52854716032743	5.4	-5.97608497040346	
5.41	-5.52854716032743	5.41	-5.66131747048348	
5.42	-4.98785807937384	5.42	-5.43648354196921	
5.43	-4.89774323254824	5.43	-4.98681568494067	
5.44	-4.49222642183304	5.44	-4.89688211353496	
5.45	-3.68119280040264	5.45	-3.90761282807216	
5.46	-3.90647991746664	5.46	-4.22238032799214	
5.47	-2.87015917897224	5.47	-3.09821068542078	
5.48	-3.59107795357704	5.48	-3.68277889955789	
5.49	-2.73498690873384	5.49	-2.96331032831222	
5.5	-2.73498690873384	5.5	-2.69350961409509	
5.51	-1.20303451269865	5.51	-1.47940640011802	
5.52	-1.83383844047785	5.52	-2.01900782855228	
5.53	-0.932689972221851	5.53	-0.849871400278062	
5.54	-1.11291966587305	5.54	-1.25457247160375	
5.55	-0.0765989273786545	5.55	0.00449752807617188	
5.56	-0.166713774204254	5.56	-0.265303186140954	
5.57	0.0135159194469452	5.57	0.00449752807617188	
5.58	0.734434694051743	5.58	0.90383324213326	
5.59	1.09489408135414	5.59	1.12866717064753	
5.6	0.914664387702942	5.6	1.12866717064753	
5.61	2.35650193691254	5.61	2.52263752743602	
5.62	1.81581285595894	5.62	1.93806931329891	
5.63	3.21259298175573	5.63	3.3320396700874	
5.64	2.31144451349974	5.64	2.70250467024744	
5.65	3.75328206270933	5.65	3.96157466992736	
5.66	3.39282267540693	5.66	3.64680717000738	
5.67	3.48293752223253	5.67	4.00654145563021	
5.68	3.88845433294773	5.68	4.18640859844163	
5.69	4.15879887342453	5.69	4.72601002687588	
5.7	4.51925826072693	5.7	4.86091038398445	
5.71	4.69948795437813	5.71	5.35554502671584	
5.72	5.19511961191893	5.72	5.49044538382441	
5.73	5.37534930557013	5.73	6.16494716936722	
5.74	5.64569384604692	5.74	6.11998038366437	
5.75	5.55557899922132	5.75	6.34481431217864	
5.76	6.18638292700052	5.76	6.70454859780148	
5.77	5.91603838652372	5.77	6.56964824069291	
5.78	6.50178489089012	5.78	6.9743493120186	
5.79	6.41167004406452	5.79	7.24415002623573	
5.8	6.68201458454132	5.8	7.28911681193858	
5.81	6.72707200795412	5.81	7.33408359764144	
5.82	7.71833532303572	5.82	8.32335288310423	
5.83	6.86224427819252	5.83	7.46898395475	
5.84	7.17764624208212	5.84	8.09851895458996	
5.85	6.99741654843092	5.85	7.60388431185856	
5.86	7.31281851232052	5.86	8.18845252599567	
5.87	6.90730170160532	5.87	7.55891752615571	
5.88	7.44799078255892	5.88	8.09851895458996	
5.89	6.59189973771572	5.89	7.46898395475	
5.9	7.17764624208212	5.9	7.91865181177855	
5.91	6.45672746747732	5.91	7.28911681193858	
5.92	7.62822047621012	5.92	8.27838609740138	
5.93	6.32155519723892	5.93	7.06428288342431	
5.94	7.31281851232052	5.94	8.00858538318425	
5.95	6.27649777382612	5.95	6.83944895491004	
5.96	6.41167004406452	5.96	7.28911681193858	
5.97	5.91603838652372	5.97	6.61461502639577	
5.98	5.69075126945972	5.98	6.61461502639577	
5.99	5.55557899922132	5.99	6.20991395507008	
6	5.46546415239573	6	6.29984752647579	
6.01	4.96983249485493	6.01	5.62534574093297	
6.02	5.10500476509333	6.02	5.71527931233868	
6.03	4.15879887342453	6.03	4.81594359828159	
6.04	4.20385629683733	6.04	4.81594359828159	
6.05	3.75328206270933	6.05	4.36627574125305	
6.06	3.84339690953493	6.06	4.59110966976732	
6.07	3.07742071151733	6.07	3.69177395571023	
6.08	3.52799494564533	6.08	3.96157466992736	
6.09	2.26638709008694	6.09	2.837405027356	
6.1	2.58178905397654	6.1	3.01727217016742	
6.11	1.45535346865654	6.11	2.02800288470462	
6.12	1.59052573889494	6.12	2.29780359892175	
6.13	1.18500892817974	6.13	1.62330181337893	
6.14	0.419032730162144	6.14	0.993766813538969	
6.15	0.779492117464542	6.15	1.08370038494468	
6.16	-0.121656350791454	6.16	0.184364670887589	
6.17	-0.842575125396252	6.17	-0.400203543249518	
6.18	0.058573342859745	6.18	0.274298242293298	
6.19	-1.15797708928585	6.19	-0.93980497168377	
6.2	-1.87889586389065	6.2	-1.47940640011802	
6.21	-1.83383844047785	6.21	-1.65927354292944	
6.22	-2.68992948532104	6.22	-2.37874211417511	
6.23	-2.46464236825705	6.23	-2.33377532847226	
6.24	-3.41084825992584	6.24	-3.05324389971793	
6.25	-3.32073341310024	6.25	-3.23311104252934	
6.26	-4.04165218770504	6.26	-3.81767925666645	
6.27	-3.32073341310024	6.27	-3.45794497104362	
6.28	-4.49222642183304	6.28	-4.53714782791212	
6.29	-4.08670961111784	6.29	-4.22238032799214	
6.3	-5.34831746667624	6.3	-5.25661639915779	
6.31	-4.67245611548424	6.31	-4.89688211353496	
6.32	-5.84394912421703	6.32	-5.75125104188919	
6.33	-5.21314519643784	6.33	-5.43648354196921	
6.34	-6.06923624128103	6.34	-6.24588568462059	
6.35	-6.60992532223463	6.35	-6.56065318454057	
6.36	-6.56486789882183	6.36	-6.78548711305484	
6.37	-6.79015501588583	6.37	-6.78548711305484	
6.38	-5.97912139445543	6.38	-6.24588568462059	
6.39	-7.06049955636263	6.39	-7.37005532719195	
6.4	-6.29452335834503	6.4	-6.69555354164913	
6.41	-7.64624606072903	6.41	-7.81972318422049	
6.42	-7.28578667342663	6.42	-7.63985604140908	
6.43	-7.28578667342663	6.43	-7.4150221128948	
6.44	-7.60118863731623	6.44	-7.99959032703191	
6.45	-6.92532728612423	6.45	-7.23515497008339	
6.46	-7.73636090755463	6.46	-8.13449068414047	
6.47	-7.87153317779303	6.47	-8.04455711273476	
6.48	-7.64624606072903	6.48	-8.08952389843762	
6.49	-7.06049955636263	6.49	-7.4150221128948	
6.5	-7.82647575438023	6.5	-8.22442425554618	
6.51	-6.56486789882183	6.51	-7.19018818438053	
6.52	-7.46601636707783	6.52	-7.95462354132906	
6.53	-6.74509759247303	6.53	-7.10025461297482	
6.54	-6.65498274564743	6.54	-7.23515497008339	
6.55	-7.10555697977543	6.55	-7.68482282711193	
6.56	-6.92532728612423	6.56	-7.23515497008339	
6.57	-5.79889170080423	6.57	-6.3358192560263	
6.58	-6.65498274564743	6.58	-7.19018818438053	
6.59	-5.34831746667624	6.59	-5.88615139899775	
6.6	-6.11429366469383	6.6	-6.65058675594628	
6.61	-5.30326004326344	6.61	-5.70628425618634	
6.62	-5.34831746667624	6.62	-5.93111818470061	
6.63	-5.48348973691463	6.63	-5.93111818470061	
6.64	-4.35705415159464	6.64	-4.98681568494067	
6.65	-4.94280065596104	6.65	-5.30158318486065	
6.66	-3.77130764722824	6.66	-4.3572806851007	
6.67	-4.22188188135624	6.67	-4.53714782791212	
6.68	-3.32073341310024	6.68	-3.86264604236931	
6.69	-3.27567598968744	6.69	-3.7727124709636	
6.7	-2.05912555754185	6.7	-2.51364247128367	
6.71	-2.78004433214664	6.71	-3.18814425682649	
6.72	-1.29314935952425	6.72	-1.794173900038	
6.73	-1.74372359365225	6.73	-2.24384175706655	
6.74	-1.78878101706505	6.74	-1.92907425714657	
6.75	-0.707402855157852	6.75	-1.16463890019804	
6.76	-0.842575125396252	6.76	-1.2096056859009	
6.77	0.599262423813343	6.77	0.184364670887589	
6.78	0.103630766272545	6.78	-0.265303186140954	
6.79	0.148688189685345	6.79	-0.175369614735246	
6.8	1.04983665794134	6.8	0.768932885024697	
6.81	0.869606964290142	6.81	0.723966099321842	
6.82	2.31144451349974	6.82	2.11793645611033	
6.83	2.08615739643574	6.83	1.89310252759606	
6.84	2.26638709008694	6.84	2.29780359892175	
6.85	2.58178905397654	6.85	2.38773717032745	
6.86	3.84339690953493	6.86	3.69177395571023	
6.87	2.98730586469173	6.87	3.06223895587027	
6.88	3.70822463929653	6.88	3.60184038430452	
6.89	3.79833948612213	6.89	4.00654145563021	
6.9	4.33902856707573	6.9	4.27634216984734	
6.91	4.15879887342453	6.91	4.32130895555019	
6.92	4.78960280120373	6.92	5.08574431249872	
6.93	5.15006218850613	6.93	5.26561145531014	
6.94	5.01488991826773	6.94	5.26561145531014	
6.95	5.73580869287252	6.95	5.8951464551501	
6.96	5.55557899922132	6.96	5.80521288374439	
6.97	6.86224427819252	6.97	7.01931609772146	
6.98	5.96109580993652	6.98	6.16494716936722	
6.99	6.68201458454132	6.99	6.79448216920719	
7	6.14132550358772	7	6.65958181209862	
7.01	6.77212943136692	7.01	7.06428288342431	
7.02	6.72707200795412	7.02	7.28911681193858	
7.03	6.95235912501812	7.03	7.28911681193858	
7.04	6.59189973771572	7.04	7.10924966912717	
7.05	7.44799078255892	7.05	8.00858538318425	
7.06	6.81718685477972	7.06	7.37905038334429	
7.07	7.35787593573332	7.07	7.73878466896713	
7.08	6.95235912501812	7.08	7.37905038334429	
7.09	7.04247397184372	7.09	7.78375145466998	
7.1	6.99741654843092	7.1	7.51395074045286	
7.11	6.63695716112852	7.11	7.42401716904715	
7.12	6.86224427819252	7.12	7.37905038334429	
7.13	6.54684231430292	7.13	7.42401716904715	
7.14	6.59189973771572	7.14	7.19918324053288	
7.15	6.86224427819252	7.15	7.64885109756142	
7.16	6.23144035041332	7.16	6.83944895491004	
7.17	7.08753139525652	7.17	7.64885109756142	
7.18	6.00615323334932	7.18	6.61461502639577	
7.19	5.46546415239573	7.19	6.20991395507008	
7.2	5.69075126945972	7.2	6.29984752647579	
7.21	5.01488991826773	7.21	5.85017966944724	
7.22	5.15006218850613	7.22	6.03004681225866	
7.23	4.74454537779093	7.23	5.44547859812155	
7.24	4.20385629683733	7.24	4.99581074109301	
7.25	4.83466022461653	7.25	5.58037895523012	
7.26	4.02362660318613	7.26	4.63607645547017	
7.27	3.30270782858133	7.27	4.23137538414449	
7.28	3.39282267540693	7.28	4.00654145563021	
7.29	2.58178905397654	7.29	3.37700645579025	
7.3	2.67190390080214	7.3	3.37700645579025	
7.31	1.95098512619734	7.31	2.79243824165314	
7.32	1.95098512619734	7.32	2.61257109884173	
7.33	1.41029604524374	7.33	2.02800288470462	
7.34	1.27512377500534	7.34	2.16290324181318	
7.35	0.824549540877342	7.35	1.3535010991618	
7.36	0.689377270638943	7.36	1.48840145627037	
7.37	0.148688189685345	7.37	0.723966099321842	
7.38	-0.527173161506653	7.38	0.274298242293298	
7.39	-0.662345431745052	7.39	-0.130402829032391	
7.4	-1.42832162976265	7.4	-0.849871400278062	
7.41	-0.932689972221851	7.41	-0.490137114655226	
7.42	-2.19429782778025	7.42	-1.56933997152373	
7.43	-1.78878101706505	7.43	-1.2096056859009	
7.44	-2.50969979166985	7.44	-2.10894139995798	
7.45	-3.00533144921064	7.45	-2.33377532847226	
7.46	-3.27567598968744	7.46	-2.82840997120366	
7.47	-4.04165218770504	7.47	-3.45794497104362	
7.48	-3.68119280040264	7.48	-3.32304461393505	
7.49	-4.58234126865864	7.49	-4.22238032799214	
7.5	-4.53728384524584	7.5	-4.22238032799214	
7.51	-5.12303034961224	7.51	-4.58211461361498	
7.52	-5.12303034961224	7.52	-4.89688211353496	
7.53	-5.84394912421703	7.53	-5.48145032767206	
7.54	-4.85268580913544	7.54	-4.71701497072354	
7.55	-6.06923624128103	7.55	-5.88615139899775	
7.56	-5.75383427739143	7.56	-5.43648354196921	
7.57	-6.47475305199623	7.57	-6.38078604172915	
7.58	-6.56486789882183	7.58	-6.24588568462059	
7.59	-6.83521243929863	7.59	-6.78548711305484	
7.6	-7.42095894366503	7.6	-7.19018818438053	
7.61	-6.70004016906023	7.61	-6.60561997024342	
7.62	-7.33084409683943	7.62	-7.37005532719195	
7.63	-6.51981047540903	7.63	-6.60561997024342	
7.64	-7.73636090755463	7.64	-7.81972318422049	
7.65	-6.83521243929863	7.65	-6.9203874701634	
7.66	-7.69130348414183	7.66	-7.86468996992335	
7.67	-8.00670544803143	7.67	-8.04455711273476	
7.68	-7.55613121390343	7.68	-7.77475639851764	
7.69	-7.69130348414183	7.69	-7.9096567556262	
7.7	-7.46601636707783	7.7	-7.4150221128948	
7.71	-7.55613121390343	7.71	-7.9096567556262	
7.72	-7.33084409683943	7.72	-7.37005532719195	
7.73	-7.37590152025223	7.73	-7.68482282711193	
7.74	-7.15061440318823	7.74	-7.23515497008339	
7.75	-7.10555697977543	7.75	-7.50495568430051	
7.76	-7.46601636707783	7.76	-7.63985604140908	
7.77	-6.47475305199623	7.77	-6.9203874701634	
7.78	-7.01544213294983	7.78	-7.32508854148909	
7.79	-5.84394912421703	7.79	-6.3358192560263	
7.8	-6.24946593493223	7.8	-6.65058675594628	
7.81	-6.33958078175783	7.81	-6.74052032735199	
7.82	-5.25820261985064	7.82	-5.66131747048348	
7.83	-5.52854716032743	7.83	-5.93111818470061	
7.84	-5.66371943056583	7.84	-5.93111818470061	
7.85	-4.80762838572264	7.85	-5.25661639915779	
7.86	-4.35705415159464	7.86	-4.71701497072354	
7.87	-4.35705415159464	7.87	-4.89688211353496	
7.88	-4.44716899842024	7.88	-4.80694854212925	
7.89	-2.91521660238504	7.89	-3.50291175674647	
7.9	-3.32073341310024	7.9	-3.81767925666645	
7.91	-3.05038887262344	7.91	-3.32304461393505	
7.92	-2.73498690873384	7.92	-3.2780778282322	
7.93	-1.74372359365225	7.93	-2.19887497136369	
7.94	-1.56349390000105	7.94	-2.06397461425513	
7.95	-1.69866617023945	7.95	-2.2888085427694	
7.96	-0.932689972221851	7.96	-1.47940640011802	
7.97	-1.11291966587305	7.97	-1.61430675722659	
7.98	0.419032730162144	7.98	-0.130402829032391	
7.99	-0.211771197617054	7.99	-0.759937828872353	
8	0.779492117464542	8	0.229331456590444	
8.01	0.464090153574944	8.01	0.139397885184735	
8.02	1.04983665794134	8.02	0.589065742213279	
8.03	2.17627224326134	8.03	1.71323538478464	
8.04	1.90592770278454	8.04	1.44343467056751	
8.05	1.95098512619734	8.05	1.57833502767608	
8.06	3.48293752223253	8.06	2.97230538446456	
8.07	2.80707617104053	8.07	2.38773717032745	
8.08	3.79833948612213	8.08	3.3320396700874	
8.09	3.39282267540693	8.09	3.06223895587027	
8.1	4.78960280120373	8.1	4.32130895555019	
8.11	3.93351175636053	8.11	3.64680717000738	
8.12	4.60937310755253	8.12	4.32130895555019	
8.13	4.92477507144213	8.13	4.86091038398445	
8.14	4.96983249485493	8.14	4.72601002687588	
8.15	5.15006218850613	8.15	5.17567788390443	
8.16	5.55557899922132	8.16	5.35554502671584	
8.17	6.32155519723892	8.17	6.25488074077293	
8.18	5.82592353969812	8.18	5.67031252663583	
8.19	7.13258881866932	8.19	6.92938252631575	
8.2	6.09626808017492	8.2	6.07501359796152	
8.21	7.44799078255892	8.21	7.33408359764144	
8.22	6.32155519723892	8.22	6.4797146692872	
8.23	7.04247397184372	8.23	7.01931609772146	
8.24	7.22270366549492	8.24	7.42401716904715	
8.25	6.95235912501812	8.25	6.9743493120186	
8.26	7.22270366549492	8.26	7.24415002623573	
8.27	6.95235912501812	8.27	7.06428288342431	
8.28	7.35787593573332	8.28	7.73878466896713	
8.29	7.13258881866932	8.29	7.24415002623573	
8.3	7.71833532303572	8.3	8.00858538318425	
8.31	6.99741654843092	8.31	7.19918324053288	
8.32	7.31281851232052	8.32	7.55891752615571	
8.33	6.72707200795412	8.33	7.01931609772146	
8.34	6.99741654843092	8.34	7.28911681193858	
8.35	6.50178489089012	8.35	6.83944895491004	
8.36	6.50178489089012	8.36	7.15421645483002	
8.37	7.26776108890772	8.37	7.60388431185856	
8.38	6.14132550358772	8.38	6.56964824069291	
8.39	6.36661262065172	8.39	7.01931609772146	
8.4	6.00615323334932	8.4	6.43474788358435	
8.41	5.37534930557013	8.41	5.98508002655581	
8.42	5.60063642263412	8.42	6.11998038366437	
8.43	5.24017703533173	8.43	5.71527931233868	
8.44	4.87971764802933	8.44	5.67031252663583	
8.45	4.74454537779093	8.45	5.31057824101299	
8.46	5.05994734168053	8.46	5.71527931233868	
8.47	4.15879887342453	8.47	4.68104324117303	
8.48	4.02362660318613	8.48	4.81594359828159	
8.49	3.61810979247093	8.49	4.18640859844163	
8.5	3.12247813493013	8.5	3.64680717000738	
8.51	3.57305236905813	8.51	4.14144181273878	
8.52	2.04109997302294	8.52	2.79243824165314	
8.53	2.85213359445333	8.53	3.37700645579025	
8.54	1.59052573889494	8.54	2.16290324181318	
8.55	1.27512377500534	8.55	2.16290324181318	
8.56	0.779492117464542	8.56	1.39846788486466	
8.57	1.41029604524374	8.57	2.02800288470462	
8.58	0.509147576987743	8.58	1.08370038494468	
8.59	-0.482115738093853	8.59	0.184364670887589	
8.6	-0.301886044442654	8.6	0.589065742213279	
8.61	-0.887632548809052	8.61	-0.265303186140954	
8.62	-0.662345431745052	8.62	6.17283950617284	
8.63	-1.92395328730345	8.63	-1.29953925730661	
8.64	-1.51843647658825	8.64	6.17283950617284	
8.65	-2.50969979166985	8.65	-1.92907425714657	
8.66	-2.68992948532104	8.66	-1.88410747144371	
8.67	-3.18556114286184	8.67	-2.64854282839224	
8.68	-2.64487206190825	8.68	-2.15390818566084	
8.69	-4.22188188135624	8.69	-3.59284532815218	
8.7	-3.45590568333864	8.7	-2.96331032831222	
8.71	-4.76257096230984	8.71	-4.17741354228929	
8.72	-4.35705415159464	8.72	-3.72774568526074	
8.73	-5.30326004326344	8.73	-4.76198175642639	
8.74	-5.21314519643784	8.74	-4.53714782791212	
8.75	-5.66371943056583	8.75	-5.12171604204923	
8.76	-6.29452335834503	8.76	-5.70628425618634	
8.77	-5.30326004326344	8.77	-4.98681568494067	
8.78	-6.79015501588583	8.78	-6.15595211321488	
8.79	-6.47475305199623	8.79	-5.8411846132949	
8.8	-6.88026986271143	8.8	-6.47071961313486	
8.81	-6.60992532223463	8.81	-6.11098532751203	
8.82	-7.28578667342663	8.82	-6.9203874701634	
8.83	-6.79015501588583	8.83	-6.3358192560263	
8.84	-7.64624606072903	8.84	-7.37005532719195	
8.85	-6.79015501588583	8.85	-6.47071961313486	
8.86	-7.82647575438023	8.86	-7.59488925570622	
8.87	-7.82647575438023	8.87	-7.28012175578624	
8.88	-7.64624606072903	8.88	-7.4150221128948	
8.89	-8.09682029485703	8.89	-7.72978961281478	
8.9	-7.82647575438023	8.9	-7.68482282711193	
8.91	-7.28578667342663	8.91	-7.05528782727197	
8.92	-7.69130348414183	8.92	-7.54992247000337	
8.93	-8.05176287144423	8.93	-7.81972318422049	
8.94	-6.97038470953703	8.94	-6.74052032735199	
8.95	-7.37590152025223	8.95	-7.4150221128948	
8.96	-7.69130348414183	8.96	-7.63985604140908	
8.97	-6.65498274564743	8.97	-6.74052032735199	
8.98	-7.46601636707783	8.98	-7.4150221128948	
8.99	-6.83521243929863	8.99	-6.87542068446055	
9	-7.01544213294983	9	-6.96535425586626	
9.01	-6.38463820517063	9.01	-6.56065318454057	
9.02	-6.65498274564743	9.02	-6.65058675594628	
9.03	-6.02417881786823	9.03	-6.20091889891773	
9.04	-6.06923624128103	9.04	-6.20091889891773	
9.05	-4.71751353889704	9.05	-4.98681568494067	
9.06	-5.48348973691463	9.06	-5.66131747048348	
9.07	-4.85268580913544	9.07	-4.80694854212925	
9.08	-4.71751353889704	9.08	-5.03178247064352	
9.09	-4.35705415159464	9.09	-4.40224747080356	
9.1	-3.41084825992584	9.1	-3.63781211385503	
9.11	-3.72625022381544	9.11	-4.04251318518072	
9.12	-2.73498690873384	9.12	-3.18814425682649	
9.13	-3.09544629603624	9.13	-3.50291175674647	
9.14	-1.96901071071625	9.14	-2.2888085427694	
9.15	-2.10418298095465	9.15	-2.46867568558082	
9.16	-2.10418298095465	9.16	-2.46867568558082	
9.17	-0.662345431745052	9.17	-1.2096056859009	
9.18	-1.38326420634985	9.18	-1.74920711433515	
9.19	-0.527173161506653	9.19	-1.02973854308948	
9.2	-0.662345431745052	9.2	-0.93980497168377	
9.21	0.779492117464542	9.21	0.184364670887589	
9.22	0.238803036510944	9.22	-0.175369614735246	
9.23	0.734434694051743	9.23	0.454165385104716	
9.24	1.27512377500534	9.24	0.858866456430405	
9.25	1.68064058572054	9.25	1.44343467056751	
9.26	2.04109997302294	9.26	1.57833502767608	
9.27	2.08615739643574	9.27	1.62330181337893	
9.28	3.48293752223253	9.28	2.97230538446456	
9.29	2.76201874762774	9.29	2.38773717032745	
9.3	3.43788009881973	9.3	2.88237181305885	
9.31	3.34776525199413	9.31	3.06223895587027	
9.32	6.66666666666667	9.32	4.32130895555019	
9.33	4.24891372025013	9.33	3.78170752711594	
9.34	4.83466022461653	9.34	4.36627574125305	
9.35	4.56431568413973	9.35	4.32130895555019	
9.36	6.00615323334932	9.36	5.62534574093297	
9.37	5.42040672898293	9.37	5.04077752679586	
9.38	6.36661262065172	9.38	6.07501359796152	
9.39	6.05121065676212	9.39	5.62534574093297	
9.4	6.90730170160532	9.4	6.56964824069291	
9.41	6.23144035041332	9.41	5.85017966944724	
9.42	7.13258881866932	9.42	6.70454859780148	
9.43	6.54684231430292	9.43	6.20991395507008	
9.44	6.54684231430292	9.44	6.52468145499006	
9.45	7.04247397184372	9.45	6.74951538350433	
9.46	7.22270366549492	9.46	7.24415002623573	
9.47	7.08753139525652	9.47	6.79448216920719	
9.48	7.85350759327412	9.48	7.55891752615571	
9.49	6.86224427819252	9.49	6.79448216920719	
9.5	8.12385213375092	9.5	7.91865181177855	
9.51	7.31281851232052	9.51	7.10924966912717	
9.52	7.22270366549492	9.52	7.37905038334429	
9.53	7.17764624208212	9.53	7.06428288342431	
9.54	6.99741654843092	9.54	7.15421645483002	
9.55	7.67327789962292	9.55	7.69381788326427	
9.56	6.90730170160532	9.56	6.83944895491004	
9.57	6.72707200795412	9.57	6.74951538350433	
9.58	6.50178489089012	9.58	6.74951538350433	
9.59	7.44799078255892	9.59	7.46898395475	
9.6	6.00615323334932	9.6	6.20991395507008	
9.61	6.23144035041332	9.61	6.3897810978815	
9.62	5.96109580993652	9.62	6.29984752647579	
9.63	5.87098096311092	9.63	6.03004681225866	
9.64	5.46546415239573	9.64	5.85017966944724	
9.65	5.37534930557013	9.65	5.49044538382441	
9.66	4.78960280120373	9.66	5.26561145531014	
9.67	4.83466022461653	9.67	4.99581074109301	
9.68	4.38408599048853	9.68	4.63607645547017	
9.69	4.33902856707573	9.69	4.77097681257874	
9.7	3.75328206270933	9.7	4.05150824133307	
9.71	3.43788009881973	9.71	4.00654145563021	
9.72	3.07742071151733	9.72	3.42197324149311	
9.73	2.53673163056374	9.73	3.15217252727598	
9.74	2.40155936032534	9.74	2.74747145595029	
9.75	1.95098512619734	9.75	2.61257109884173	
9.76	2.49167420715094	9.76	2.79243824165314	
9.77	1.36523862183094	9.77	1.71323538478464	
9.78	0.509147576987743	9.78	1.08370038494468	
9.79	1.36523862183094	9.79	1.75820217048749	
9.8	-0.211771197617054	9.8	0.364231813699007	
9.81	-0.166713774204254	9.81	0.319265027996153	
9.82	-0.887632548809052	9.82	-0.355236757546663	
9.83	-0.392000891268253	9.83	0.184364670887589	
9.84	-1.69866617023945	9.84	-1.07470532879233	
9.85	-1.87889586389065	9.85	-1.07470532879233	
9.86	-2.10418298095465	9.86	-1.61430675722659	
9.87	-2.91521660238504	9.87	-2.24384175706655	
9.88	-2.87015917897224	9.88	-2.37874211417511	
9.89	-3.14050371944904	9.89	-2.2888085427694	
9.9	-3.72625022381544	9.9	-3.14317747112364	
9.91	-3.27567598968744	9.91	-2.64854282839224	
9.92	-4.67245611548424	9.92	-3.99754639947787	
9.93	-4.62739869207144	9.93	-3.7727124709636	
9.94	-4.35705415159464	9.94	-3.86264604236931	
9.95	-5.61866200715303	9.95	-4.94184889923781	
9.96	-5.30326004326344	9.96	-4.49218104220927	
9.97	-5.84394912421703	9.97	-5.30158318486065	
9.98	-5.48348973691463	9.98	-4.80694854212925	
9.99	-6.47475305199623	9.99	-5.8411846132949	
10	-5.88900654762983	10	-5.30158318486065	
10.01	-6.65498274564743	10.01	-6.06601854180917	
10.02	-7.28578667342663	10.02	-6.51568639883772	
10.03	-7.10555697977543	10.03	-6.56065318454057	
10.04	-7.60118863731623	10.04	-7.01032104156911	
10.05	-6.97038470953703	10.05	-6.3358192560263	
10.06	-7.91659060120583	10.06	-7.19018818438053	
10.07	-7.24072925001383	10.07	-6.87542068446055	
10.08	-7.82647575438023	10.08	-7.32508854148909	
10.09	-8.18693514168262	10.09	-7.50495568430051	
10.1	-6.92532728612423	10.1	-6.56065318454057	
10.11	-8.05176287144423	10.11	-7.59488925570622	
10.12	-6.97038470953703	10.12	-6.65058675594628	
10.13	-7.96164802461863	10.13	-7.59488925570622	
10.14	-6.92532728612423	10.14	-6.60561997024342	
10.15	-7.87153317779303	10.15	-7.45998889859766	
10.16	-7.55613121390343	10.16	-7.23515497008339	
10.17	-7.82647575438023	10.17	-7.28012175578624	
10.18	-6.92532728612423	10.18	-6.65058675594628	
10.19	-7.51107379049063	10.19	-7.23515497008339	
10.2	-6.42969562858343	10.2	-6.24588568462059	
10.21	-7.42095894366503	10.21	-6.96535425586626	
10.22	-6.20440851151943	10.22	-6.11098532751203	
10.23	-6.47475305199623	10.23	-6.29085247032344	
10.24	-6.24946593493223	10.24	-5.75125104188919	
10.25	-6.02417881786823	10.25	-5.88615139899775	
10.26	-5.39337489008904	10.26	-5.07674925634637	
10.27	-5.43843231350183	10.27	-5.39151675626636	
10.28	-5.57360458374023	10.28	-5.25661639915779	
10.29	-4.94280065596104	10.29	-4.8519153278321	
10.3	-4.94280065596104	10.3	-4.71701497072354	
10.31	-3.59107795357704	10.31	-3.50291175674647	
10.32	-3.95153734087944	10.32	-3.99754639947787	
10.33	-3.68119280040264	10.33	-3.45794497104362	
10.34	-3.32073341310024	10.34	-3.41297818534076	
10.35	-3.23061856627464	10.35	-3.14317747112364	
10.36	-2.59981463849545	10.36	-2.73847639979795	
10.37	-2.46464236825705	10.37	-2.42370889987797	
10.38	-1.33820678293705	10.38	-1.56933997152373	
10.39	-1.42832162976265	10.39	-1.61430675722659	
10.4	-0.211771197617054	10.4	-0.490137114655226	
10.41	-0.797517701983452	10.41	-0.984771757386625	
10.42	0.689377270638943	10.42	0.364231813699007	
10.43	0.0135159194469452	10.43	-0.2203364004381	
10.44	1.27512377500534	10.44	0.993766813538969	
10.45	0.644319847226143	10.45	0.454165385104716	
10.46	2.13121481984854	10.46	1.62330181337893	
10.47	1.63558316230774	10.47	1.21860074205324	
10.48	2.49167420715094	10.48	2.07296967040747	
10.49	2.04109997302294	10.49	1.8481357418932	
10.5	3.16753555834293	10.5	2.74747145595029	
10.51	2.80707617104053	10.51	2.61257109884173	
10.52	3.61810979247093	10.52	3.28707288438454	
10.53	3.48293752223253	10.53	3.24210609868169	
10.54	4.20385629683733	10.54	3.78170752711594	
10.55	4.56431568413973	10.55	4.32130895555019	
10.56	4.69948795437813	10.56	4.27634216984734	
10.57	4.92477507144213	10.57	4.72601002687588	
10.58	5.37534930557013	10.58	4.95084395539016	
10.59	5.69075126945972	10.59	5.53541216952726	
10.6	6.41167004406452	10.6	6.07501359796152	
10.61	6.14132550358772	10.61	5.71527931233868	
10.62	5.96109580993652	10.62	5.58037895523012	
10.63	6.63695716112852	10.63	6.29984752647579	
10.64	6.18638292700052	10.64	5.98508002655581	
10.65	7.40293335914612	10.65	7.06428288342431	
10.66	6.68201458454132	10.66	6.29984752647579	
10.67	7.13258881866932	10.67	6.9743493120186	
10.68	7.98867986351252	10.68	7.51395074045286	
10.69	7.17764624208212	10.69	6.79448216920719	
10.7	7.08753139525652	10.7	6.70454859780148	
10.71	7.53810562938452	10.71	7.37905038334429	
10.72	7.17764624208212	10.72	6.74951538350433	
10.73	8.07879471033812	10.73	7.64885109756142	
10.74	7.08753139525652	10.74	6.74951538350433	
10.75	7.76339274644852	10.75	7.37905038334429	
10.76	6.90730170160532	10.76	6.83944895491004	
10.77	7.76339274644852	10.77	7.33408359764144	
10.78	6.68201458454132	10.78	6.52468145499006	
10.79	7.76339274644852	10.79	7.42401716904715	
10.8	6.81718685477972	10.8	6.52468145499006	
10.81	6.32155519723892	10.81	6.29984752647579	
10.82	6.36661262065172	10.82	6.16494716936722	
10.83	6.18638292700052	10.83	6.25488074077293	
10.84	5.91603838652372	10.84	5.71527931233868	
10.85	5.46546415239573	10.85	5.53541216952726	
10.86	5.42040672898293	10.86	5.26561145531014	
10.87	4.83466022461653	10.87	4.9058771696873	
10.88	4.96983249485493	10.88	4.77097681257874	
10.89	4.56431568413973	10.89	4.68104324117303	
10.9	4.42914341390133	10.9	4.36627574125305	
10.91	3.70822463929653	10.91	3.8266743128188	
10.92	3.84339690953493	10.92	3.78170752711594	
10.93	3.03236328810453	10.93	3.19713931297883	
10.94	3.16753555834293	10.94	3.15217252727598	
10.95	2.67190390080214	10.95	2.70250467024744	
10.96	1.99604254961014	10.96	2.25283681321889	
10.97	2.04109997302294	10.97	2.16290324181318	
10.98	1.27512377500534	10.98	1.57833502767608	
10.99	1.54546831548214	10.99	1.66826859908178	
11	0.464090153574944	11	0.723966099321842	
11.01	1.32018119841814	11.01	1.44343467056751	
11.02	-0.256828621029854	11.02	0.00449752807617188	
11.03	0.599262423813343	11.03	0.678999313618988	
11.04	-1.02280481904745	11.04	-0.62503747176379	
11.05	-0.527173161506653	11.05	-0.2203364004381	
11.06	-1.47337905317545	11.06	-1.2096056859009	
11.07	-1.56349390000105	11.07	-1.02973854308948	
11.08	-2.14924040436745	11.08	-1.88410747144371	
11.09	-2.91521660238504	11.09	-2.33377532847226	
11.1	-2.14924040436745	11.1	-1.83914068574086	
11.11	-3.32073341310024	11.11	-3.05324389971793	
11.12	-3.18556114286184	11.12	-2.82840997120366	
11.13	-4.35705415159464	11.13	-3.90761282807216	
11.14	-3.50096310675144	11.14	-3.09821068542078	
11.15	-4.67245611548424	11.15	-4.267347113695	
11.16	-5.21314519643784	11.16	-4.49218104220927	
11.17	-5.21314519643784	11.17	-4.76198175642639	
11.18	-5.88900654762983	11.18	-5.12171604204923	
11.19	-5.84394912421703	11.19	-5.39151675626636	
11.2	-6.42969562858343	11.2	-5.8411846132949	
11.21	-5.66371943056583	11.21	-5.07674925634637	
11.22	-6.56486789882183	11.22	-6.11098532751203	
11.23	-6.29452335834503	11.23	-5.61635068478063	
11.24	-7.19567182660103	11.24	-6.65058675594628	
11.25	-6.24946593493223	11.25	-5.79621782759205	
11.26	-7.46601636707783	11.26	-6.96535425586626	
11.27	-7.37590152025223	11.27	-6.51568639883772	
11.28	-6.88026986271143	11.28	-6.38078604172915	
11.29	-7.87153317779303	11.29	-7.32508854148909	
11.3	-6.92532728612423	11.3	-6.51568639883772	
11.31	-8.14187771826982	11.31	-7.45998889859766	
11.32	-7.91659060120583	11.32	-7.10025461297482	
11.33	-6.97038470953703	11.33	-6.47071961313486	
11.34	-8.05176287144423	11.34	-7.50495568430051	
11.35	-7.28578667342663	11.35	-6.8304538987577	
11.36	-7.73636090755463	11.36	-6.96535425586626	
11.37	-7.60118863731623	11.37	-7.14522139867768	
11.38	-7.55613121390343	11.38	-6.74052032735199	
11.39	-7.51107379049063	11.39	-7.01032104156911	
11.4	-6.56486789882183	11.4	-6.02105175610632	
11.41	-7.51107379049063	11.41	-6.96535425586626	
11.42	-7.01544213294983	11.42	-6.56065318454057	
11.43	-7.28578667342663	11.43	-6.60561997024342	
11.44	-5.88900654762983	11.44	-5.43648354196921	
11.45	-6.42969562858343	11.45	-6.02105175610632	
11.46	-6.65498274564743	11.46	-6.11098532751203	
11.47	-5.84394912421703	11.47	-5.43648354196921	
11.48	-5.93406397104263	11.48	-5.25661639915779	
11.49	-5.16808777302504	11.49	-4.8519153278321	
11.5	-5.43843231350183	11.5	-4.80694854212925	
11.51	-4.49222642183304	11.51	-4.22238032799214	
11.52	-4.58234126865864	11.52	-4.31231389939785	
11.53	-4.62739869207144	11.53	-4.08747997088358	
11.54	-3.86142249405384	11.54	-3.59284532815218	
11.55	-3.86142249405384	11.55	-3.50291175674647	
11.56	-2.82510175555944	11.56	-2.60357604268938	
11.57	-2.91521660238504	11.57	-2.64854282839224	
11.58	-1.78878101706505	11.58	-1.65927354292944	
11.59	-2.46464236825705	11.59	-2.15390818566084	
11.6	-1.69866617023945	11.6	-1.56933997152373	
11.61	-1.78878101706505	11.61	-1.43443961441517	
11.62	-0.842575125396252	11.62	-0.759937828872353	
11.63	-0.842575125396252	11.63	-0.670004257466644	
11.64	0.734434694051743	11.64	0.723966099321842	
11.65	0.058573342859745	11.65	0.0944310994818807	
11.66	0.824549540877342	11.66	0.768932885024697	
11.67	0.959721811115742	11.67	0.948800027836114	
11.68	2.04109997302294	11.68	1.93806931329891	
11.69	1.36523862183094	11.69	1.48840145627037	
11.7	2.89719101786613	11.7	2.837405027356	
11.71	2.13121481984854	11.71	2.16290324181318	
11.72	2.85213359445333	11.72	2.74747145595029	
11.73	2.85213359445333	11.73	2.88237181305885	
11.74	4.24891372025013	11.74	4.00654145563021	
11.75	3.70822463929653	11.75	3.55687359860167	
11.76	3.84339690953493	11.76	3.9166078842245	
11.77	4.74454537779093	11.77	4.77097681257874	
11.78	4.65443053096533	11.78	4.4112425269559	
11.79	5.82592353969812	11.79	5.58037895523012	
11.8	4.92477507144213	11.8	4.9058771696873	
11.81	6.32155519723892	11.81	6.07501359796152	
11.82	5.46546415239573	11.82	5.44547859812155	
11.83	6.09626808017492	11.83	5.80521288374439	
11.84	5.82592353969812	11.84	5.71527931233868	
11.85	6.72707200795412	11.85	6.3897810978815	
11.86	6.50178489089012	11.86	6.16494716936722	
11.87	7.17764624208212	11.87	6.9743493120186	
11.88	6.86224427819252	11.88	6.43474788358435	
11.89	6.81718685477972	11.89	6.74951538350433	
11.9	6.90730170160532	11.9	6.52468145499006	
11.91	7.22270366549492	11.91	7.06428288342431	
11.92	7.17764624208212	11.92	6.79448216920719	
11.93	7.67327789962292	11.93	7.42401716904715	
11.94	6.95235912501812	11.94	6.61461502639577	
11.95	7.89856501668692	11.95	7.46898395475	
11.96	6.95235912501812	11.96	6.61461502639577	
11.97	8.07879471033812	11.97	7.55891752615571	
11.98	6.95235912501812	11.98	6.52468145499006	
11.99	7.49304820597172	11.99	7.01931609772146	
12	6.72707200795412	12	6.56964824069291	
12.01	7.08753139525652	12.01	6.65958181209862	
12.02	6.72707200795412	12.02	6.25488074077293	
12.03	6.72707200795412	12.03	6.4797146692872	
12.04	6.14132550358772	12.04	5.76024609804153	
12.05	6.63695716112852	12.05	6.3897810978815	
12.06	5.96109580993652	12.06	5.62534574093297	
12.07	5.78086611628532	12.07	5.62534574093297	
12.08	5.51052157580853	12.08	5.17567788390443	
12.09	4.87971764802933	12.09	4.68104324117303	
12.1	5.64569384604692	12.1	5.17567788390443	
12.11	4.56431568413973	12.11	4.23137538414449	
12.12	5.05994734168053	12.12	4.72601002687588	
12.13	3.84339690953493	12.13	3.55687359860167	
12.14	4.56431568413973	12.14	4.18640859844163	
12.15	3.12247813493013	12.15	2.88237181305885	
12.16	3.25765040516853	12.16	2.97230538446456	
12.17	2.26638709008694	12.17	2.20787002751604	
12.18	2.40155936032534	12.18	2.16290324181318	
12.19	1.59052573889494	12.19	1.48840145627037	
12.2	1.86087027937174	12.2	1.62330181337893	
12.21	0.914664387702942	12.21	0.768932885024697	
12.22	1.41029604524374	12.22	1.12866717064753	
12.23	0.464090153574944	12.23	0.274298242293298	
12.24	0.283860459923744	12.24	0.319265027996153	
12.25	-0.301886044442654	12.25	-0.445170328952372	
12.26	-0.887632548809052	12.26	-0.759937828872353	
12.27	-0.977747395634651	12.27	-1.11967211449519	
12.28	-0.842575125396252	12.28	-0.849871400278062	
12.29	-1.78878101706505	12.29	-1.92907425714657	
12.3	-2.55475721508265	12.3	-2.42370889987797	
12.31	-1.92395328730345	12.31	-1.97404104284942	
12.32	-3.09544629603624	12.32	-3.05324389971793	
12.33	-2.64487206190825	12.33	-2.55860925698653	
12.34	-3.81636507064104	12.34	-3.7727124709636	
12.35	-3.09544629603624	12.35	-3.09821068542078	
12.36	-4.40211157500744	12.36	-4.3572806851007	
12.37	-4.67245611548424	12.37	-4.31231389939785	
12.38	-4.94280065596104	12.38	-4.80694854212925	
12.39	-5.57360458374023	12.39	-5.30158318486065	
12.4	-5.48348973691463	12.4	-5.3465499705635	
12.41	-6.02417881786823	12.41	-5.57138389907777	
12.42	-6.02417881786823	12.42	-5.75125104188919	
12.43	-6.56486789882183	12.43	-6.24588568462059	
12.44	-6.42969562858343	12.44	-6.20091889891773	
12.45	-7.06049955636263	12.45	-6.60561997024342	
12.46	-6.33958078175783	12.46	-6.11098532751203	
12.47	-7.19567182660103	12.47	-6.87542068446055	
12.48	-6.60992532223463	12.48	-6.15595211321488	
12.49	-7.33084409683943	12.49	-7.01032104156911	
12.5	-6.60992532223463	12.5	-6.24588568462059	
12.51	-7.64624606072903	12.51	-7.32508854148909	
12.52	-6.83521243929863	12.52	-6.47071961313486	
12.53	-7.78141833096743	12.53	-7.37005532719195	
12.54	-6.83521243929863	12.54	-6.51568639883772	
12.55	-8.14187771826982	12.55	-7.45998889859766	
12.56	-7.64624606072903	12.56	-7.19018818438053	
12.57	-8.09682029485703	12.57	-7.37005532719195	
12.58	-7.60118863731623	12.58	-7.10025461297482	
12.59	-7.91659060120583	12.59	-7.10025461297482	
12.6	-7.73636090755463	12.6	-7.23515497008339	
12.61	-6.51981047540903	12.61	-6.06601854180917	
12.62	-7.60118863731623	12.62	-6.96535425586626	
12.63	-6.29452335834503	12.63	-5.8411846132949	
12.64	-7.06049955636263	12.64	-6.56065318454057	
12.65	-5.97912139445543	12.65	-5.48145032767206	
12.66	-6.74509759247303	12.66	-6.20091889891773	
12.67	-5.52854716032743	12.67	-5.07674925634637	
12.68	-6.11429366469383	12.68	-5.57138389907777	
12.69	-6.20440851151943	12.69	-5.57138389907777	
12.7	-4.85268580913544	12.7	-4.3572806851007	
12.71	-5.39337489008904	12.71	-4.89688211353496	
12.72	-4.35705415159464	12.72	-3.81767925666645	
12.73	-4.76257096230984	12.73	-4.267347113695	
12.74	-3.63613537698984	12.74	-3.23311104252934	
12.75	-4.53728384524584	12.75	-3.95257961377501	
12.76	-3.77130764722824	12.76	-3.2780778282322	
12.77	-3.86142249405384	12.77	-3.23311104252934	
12.78	-2.96027402579784	12.78	-2.24384175706655	
12.79	-2.05912555754185	12.79	-1.65927354292944	
12.8	-2.64487206190825	12.8	-2.19887497136369	
12.81	-1.29314935952425	12.81	-0.804904614575207	
12.82	-1.74372359365225	12.82	-1.29953925730661	
12.83	-0.797517701983452	12.83	-0.2203364004381	
12.84	-1.02280481904745	12.84	-0.62503747176379	
12.85	-0.301886044442654	12.85	0.319265027996153	
12.86	-0.346943467855453	12.86	0.0494643137790263	
12.87	1.04983665794134	12.87	1.3535010991618	
12.88	0.509147576987743	12.88	0.768932885024697	
12.89	1.54546831548214	12.89	1.98303609900177	
12.9	1.27512377500534	12.9	1.53336824197322	
12.91	1.59052573889494	12.91	2.16290324181318	
12.92	2.08615739643574	12.92	2.3427703846246	
12.93	2.26638709008694	12.93	2.79243824165314	
12.94	2.85213359445333	12.94	3.06223895587027	
12.95	3.03236328810453	12.95	3.24210609868169	
12.96	3.43788009881973	12.96	3.87164109852165	
12.97	3.79833948612213	12.97	3.96157466992736	
12.98	4.56431568413973	12.98	4.86091038398445	
12.99	4.24891372025013	12.99	4.32130895555019	
13	4.83466022461653	13	4.95084395539016	
13.01	4.56431568413973	13.01	4.86091038398445	
13.02	6.5679012345679	13.02	6.07501359796152	
13.03	5.46546415239573	13.03	5.53541216952726	
13.04	6.50178489089012	13.04	6.52468145499006	
13.05	5.55557899922132	13.05	5.67031252663583	
13.06	6.09626808017492	13.06	6.03004681225866	
13.07	6.14132550358772	13.07	6.43474788358435	
13.08	6.41167004406452	13.08	6.29984752647579	
13.09	7.26776108890772	13.09	7.28911681193858	
13.1	6.36661262065172	13.1	6.3897810978815	
13.11	7.35787593573332	13.11	7.19918324053288	
13.12	6.59189973771572	13.12	6.65958181209862	
13.13	7.89856501668692	13.13	7.69381788326427	
13.14	6.77212943136692	13.14	6.65958181209862	
13.15	7.62822047621012	13.15	7.33408359764144	
13.16	6.86224427819252	13.16	6.65958181209862	
13.17	7.62822047621012	13.17	7.28911681193858	
13.18	7.04247397184372	13.18	7.01931609772146	
13.19	7.13258881866932	13.19	6.79448216920719	
13.2	7.71833532303572	13.2	7.42401716904715	
13.21	6.90730170160532	13.21	6.61461502639577	
13.22	6.86224427819252	13.22	6.74951538350433	
13.23	6.68201458454132	13.23	6.34481431217864	
13.24	6.59189973771572	13.24	6.52468145499006	
13.25	6.41167004406452	13.25	6.03004681225866	
13.26	6.72707200795412	13.26	6.4797146692872	
13.27	5.87098096311092	13.27	5.49044538382441	
13.28	6.45672746747732	13.28	6.11998038366437	
13.29	5.64569384604692	13.29	5.22064466960728	
13.3	5.82592353969812	13.3	5.53541216952726	
13.31	5.05994734168053	13.31	4.59110966976732	
13.32	5.15006218850613	13.32	4.9058771696873	
13.33	4.24891372025013	13.33	3.87164109852165	
13.34	4.56431568413973	13.34	4.32130895555019	
13.35	3.84339690953493	13.35	3.37700645579025	
13.36	4.15879887342453	13.36	3.8266743128188	
13.37	3.34776525199413	13.37	2.92733859876171	
13.38	2.58178905397654	13.38	2.25283681321889	
13.39	2.98730586469173	13.39	2.52263752743602	
13.4	1.95098512619734	13.4	1.57833502767608	
13.41	1.81581285595894	13.41	1.62330181337893	
13.42	1.50041089206934	13.42	1.08370038494468	
13.43	1.36523862183094	13.43	1.12866717064753	
13.44	1.45535346865654	13.44	0.948800027836114	
13.45	0.328917883336544	13.45	-0.175369614735246	
13.46	0.689377270638943	13.46	0.229331456590444	
13.47	-0.707402855157852	13.47	-0.93980497168377	
13.48	-0.662345431745052	13.48	-1.02973854308948	
13.49	-1.47337905317545	13.49	-1.7042403286323	
13.5	-0.662345431745052	13.5	-1.11967211449519	
13.51	-2.05912555754185	13.51	-2.33377532847226	
13.52	-2.10418298095465	13.52	-2.46867568558082	
13.53	-2.91521660238504	13.53	-3.09821068542078	
13.54	-2.19429782778025	13.54	-2.42370889987797	
13.55	-3.50096310675144	13.55	-3.68277889955789	
13.56	-3.59107795357704	13.56	-3.59284532815218	
13.57	-3.81636507064104	13.57	-4.08747997088358	
13.58	-4.53728384524584	13.58	-4.71701497072354	
13.59	-4.17682445794344	13.59	-4.17741354228929	
13.6	-5.16808777302504	13.6	-5.25661639915779	
13.61	-4.31199672818184	13.61	-4.49218104220927	
13.62	-5.66371943056583	13.62	-5.75125104188919	
13.63	-5.79889170080423	13.63	-5.57138389907777	
13.64	-5.97912139445543	13.64	-6.06601854180917	
13.65	-6.42969562858343	13.65	-6.20091889891773	
13.66	-5.52854716032743	13.66	-5.66131747048348	
13.67	-6.74509759247303	13.67	-6.74052032735199	
13.68	-6.42969562858343	13.68	-6.20091889891773	
13.69	-6.92532728612423	13.69	-6.8304538987577	
13.7	-7.46601636707783	13.7	-7.19018818438053	
13.71	-6.65498274564743	13.71	-6.60561997024342	
13.72	-7.33084409683943	13.72	-7.23515497008339	
13.73	-6.47475305199623	13.73	-6.42575282743201	
13.74	-7.73636090755463	13.74	-7.50495568430051	
13.75	-7.28578667342663	13.75	-6.87542068446055	
13.76	-7.55613121390343	13.76	-7.37005532719195	
13.77	-7.87153317779303	13.77	-7.54992247000337	
13.78	-6.65498274564743	13.78	-6.47071961313486	
13.79	-7.87153317779303	13.79	-7.37005532719195	
13.8	-7.42095894366503	13.8	-7.14522139867768	
13.81	-7.78141833096743	13.81	-7.28012175578624	
13.82	-6.42969562858343	13.82	-6.20091889891773	
13.83	-7.19567182660103	13.83	-6.8304538987577	
13.84	-7.24072925001383	13.84	-6.56065318454057	
13.85	-7.01544213294983	13.85	-6.60561997024342	
13.86	-6.60992532223463	13.86	-5.88615139899775	
13.87	-6.56486789882183	13.87	-6.15595211321488	
13.88	-5.61866200715303	13.88	-5.21164961345494	
13.89	-6.20440851151943	13.89	-5.75125104188919	
13.9	-6.24946593493223	13.9	-5.52641711337492	
13.91	-4.89774323254824	13.91	-4.49218104220927	
13.92	-5.88900654762983	13.92	-5.21164961345494	
13.93	-5.12303034961224	13.93	-4.62708139931783	
13.94	-5.25820261985064	13.94	-4.49218104220927	
13.95	-4.53728384524584	13.95	-4.04251318518072	
13.96	-4.71751353889704	13.96	-3.99754639947787	
13.97	-3.90647991746664	13.97	-3.32304461393505	
13.98	-3.99659476429224	13.98	-3.23311104252934	
13.99	-3.23061856627464	13.99	-2.69350961409509	
14	-2.96027402579784	14	-2.37874211417511	
14.01	-2.82510175555944	14.01	-2.24384175706655	
14.02	-1.56349390000105	14.02	-1.07470532879233	
14.03	-2.19429782778025	14.03	-1.61430675722659	
14.04	-1.15797708928585	14.04	-0.445170328952372	
14.05	-1.24809193611145	14.05	-0.670004257466644	
14.06	0.0135159194469452	14.06	0.544098956510425	
14.07	-0.617288008332253	14.07	-0.0404692576266825	
14.08	-0.482115738093853	14.08	0.184364670887589	
14.09	1.04983665794134	14.09	1.53336824197322	
14.1	0.509147576987743	14.1	1.03873359924182	
14.11	1.63558316230774	14.11	2.25283681321889	
14.12	1.41029604524374	14.12	1.89310252759606	
14.13	1.45535346865654	14.13	2.29780359892175	
14.14	2.13121481984854	14.14	2.61257109884173	
14.15	2.35650193691254	14.15	2.837405027356	
14.16	3.48293752223253	14.16	6.37037037037037	
14.17	2.80707617104053	14.17	3.42197324149311	
14.18	4.20385629683733	14.18	4.63607645547017	
14.19	3.57305236905813	14.19	4.05150824133307	
14.2	3.97856917977333	14.2	4.68104324117303	
14.21	4.47420083731413	14.21	4.81594359828159	
14.22	4.24891372025013	14.22	4.81594359828159	
14.23	4.92477507144213	14.23	5.35554502671584	
14.24	4.78960280120373	14.24	5.31057824101299	
14.25	5.55557899922132	14.25	5.94011324085295	
14.26	5.28523445874453	14.26	5.67031252663583	
14.27	6.14132550358772	14.27	6.3897810978815	
14.28	5.60063642263412	14.28	6.03004681225866	
14.29	6.81718685477972	14.29	6.9743493120186	
14.3	5.96109580993652	14.3	6.3897810978815	
14.31	6.90730170160532	14.31	7.06428288342431	
14.32	6.18638292700052	14.32	6.56964824069291	
14.33	6.41167004406452	14.33	6.83944895491004	
14.34	6.77212943136692	14.34	6.88441574061289	
14.35	6.45672746747732	14.35	6.74951538350433	
14.36	7.40293335914612	14.36	7.64885109756142	
14.37	7.17764624208212	14.37	7.19918324053288	
14.38	6.45672746747732	14.38	6.74951538350433	
14.39	6.90730170160532	14.39	6.9743493120186	
14.4	6.81718685477972	14.4	7.15421645483002	
14.41	6.86224427819252	14.41	6.79448216920719	
14.42	7.58316305279732	14.42	7.51395074045286	
14.43	6.54684231430292	14.43	6.43474788358435	
14.44	7.44799078255892	14.44	7.28911681193858	
14.45	6.36661262065172	14.45	6.20991395507008	
14.46	6.50178489089012	14.46	6.61461502639577	
14.47	6.14132550358772	14.47	5.94011324085295	
14.48	5.60063642263412	14.48	5.53541216952726	
14.49	6.00615323334932	14.49	5.98508002655581	
14.5	5.51052157580853	14.5	5.31057824101299	
14.51	6.23144035041332	14.51	5.94011324085295	
14.52	4.65443053096533	14.52	4.54614288406447	
14.53	4.92477507144213	14.53	4.68104324117303	
14.54	4.24891372025013	14.54	4.00654145563021	
14.55	5.10500476509333	14.55	4.68104324117303	
14.56	3.75328206270933	14.56	3.64680717000738	
14.57	3.79833948612213	14.57	3.42197324149311	
14.58	3.43788009881973	14.58	3.24210609868169	
14.59	3.12247813493013	14.59	2.70250467024744	
14.6	2.53673163056374	14.6	2.3427703846246	
14.61	2.49167420715094	14.61	2.07296967040747	
14.62	2.35650193691254	14.62	2.11793645611033	
14.63	1.72569800913334	14.63	1.26356752775609	
14.64	1.45535346865654	14.64	1.21860074205324	
14.65	1.04983665794134	14.65	0.49913217080757	
14.66	1.32018119841814	14.66	0.948800027836114	
14.67	0.238803036510944	14.67	-0.310269971843809	
14.68	-0.527173161506653	14.68	-0.759937828872353	
14.69	-0.392000891268253	14.69	-0.894838185980916	
14.7	-1.20303451269865	14.7	-1.61430675722659	
14.71	-0.977747395634651	14.71	-1.47940640011802	
14.72	-1.83383844047785	14.72	-2.24384175706655	
14.73	-1.29314935952425	14.73	-1.65927354292944	
14.74	-2.46464236825705	14.74	-2.91834354260936	
14.75	-2.19429782778025	14.75	-2.73847639979795	
14.76	-3.18556114286184	14.76	-3.63781211385503	
14.77	-2.59981463849545	14.77	-3.14317747112364	
14.78	-3.77130764722824	14.78	-4.22238032799214	
14.79	-3.45590568333864	14.79	-3.68277889955789	
14.8	-4.26693930476904	14.8	-4.67204818502069	
14.81	-4.94280065596104	14.81	-5.25661639915779	
14.82	-3.90647991746664	14.82	-4.40224747080356	
14.83	-5.43843231350183	14.83	-5.70628425618634	
14.84	-5.21314519643784	14.84	-5.3465499705635	
14.85	-5.75383427739143	14.85	-6.11098532751203	
14.86	-5.70877685397863	14.86	-5.8411846132949	
14.87	-6.06923624128103	14.87	-6.3358192560263	
14.88	-6.29452335834503	14.88	-6.65058675594628	
14.89	-6.47475305199623	14.89	-6.47071961313486	
14.9	-6.70004016906023	14.9	-6.96535425586626	
14.91	-6.24946593493223	14.91	-6.42575282743201	
14.92	-6.65498274564743	14.92	-6.9203874701634	
14.93	-7.10555697977543	14.93	-7.28012175578624	
14.94	-6.88026986271143	14.94	-6.87542068446055	
14.95	-7.19567182660103	14.95	-7.32508854148909	
14.96	-7.69130348414183	14.96	-7.72978961281478	
14.97	-6.70004016906023	14.97	-6.74052032735199	
14.98	-7.69130348414183	14.98	-7.68482282711193	
14.99	-6.97038470953703	14.99	-7.14522139867768	
15	-7.73636090755463	15	-7.50495568430051	
15.01	-6.33958078175783	15.01	-6.47071961313486	
15.02	-7.42095894366503	15.02	-7.45998889859766	
15.03	-6.42969562858343	15.03	-6.3358192560263	
15.04	-7.10555697977543	15.04	-7.10025461297482	
15.05	-6.06923624128103	15.05	-6.06601854180917	
15.06	-7.24072925001383	15.06	-6.9203874701634	
15.07	-6.70004016906023	15.07	-6.51568639883772	
15.08	-6.42969562858343	15.08	-5.97608497040346	
15.09	-6.56486789882183	15.09	-6.3358192560263	
15.1	-5.88900654762983	15.1	-5.43648354196921	
15.11	-5.93406397104263	15.11	-5.66131747048348	
15.12	-6.11429366469383	15.12	-5.75125104188919	
15.13	-4.62739869207144	15.13	-4.40224747080356	
15.14	-5.61866200715303	15.14	-5.12171604204923	
15.15	-4.85268580913544	15.15	-4.53714782791212	
15.16	-4.94280065596104	15.16	-4.40224747080356	
15.17	-3.54602053016424	15.17	-3.14317747112364	
15.18	-4.04165218770504	15.18	-3.63781211385503	
15.19	-4.13176703453064	15.19	-3.63781211385503	
15.2	-3.36579083651304	15.2	-2.96331032831222	
15.21	-3.54602053016424	15.21	-2.91834354260936	
15.22	-2.68992948532104	15.22	-1.97404104284942	
15.23	-2.32947009801865	15.23	-1.88410747144371	
15.24	-1.96901071071625	15.24	-1.29953925730661	
15.25	-1.69866617023945	15.25	-1.11967211449519	
15.26	-1.33820678293705	15.26	-0.580070686060935	
15.27	-1.24809193611145	15.27	-0.670004257466644	
15.28	-1.02280481904745	15.28	-0.2203364004381	
15.29	0.599262423813343	15.29	1.08370038494468	
15.3	0.0135159194469452	15.3	0.49913217080757	
15.31	0.464090153574944	15.31	1.26356752775609	
15.32	1.18500892817974	15.32	1.71323538478464	
15.33	0.779492117464542	15.33	1.44343467056751	
15.34	2.17627224326134	15.34	2.79243824165314	
15.35	1.45535346865654	15.35	2.20787002751604	
15.36	2.31144451349974	15.36	2.88237181305885	
15.37	2.17627224326134	15.37	2.88237181305885	
15.38	3.66316721588373	15.38	4.32130895555019	
15.39	3.12247813493013	15.39	3.69177395571023	
15.4	4.02362660318613	15.4	4.77097681257874	
15.41	3.75328206270933	15.41	4.27634216984734	
15.42	4.56431568413973	15.42	5.31057824101299	
15.43	4.33902856707573	15.43	4.9058771696873	
15.44	4.24891372025013	15.44	4.95084395539016	
15.45	4.69948795437813	15.45	5.53541216952726	
15.46	5.46546415239573	15.46	5.98508002655581	
15.47	4.87971764802933	15.47	5.67031252663583	
15.48	5.69075126945972	15.48	6.25488074077293	
15.49	5.42040672898293	15.49	6.20991395507008	
15.5	5.91603838652372	15.5	6.4797146692872	
15.51	5.64569384604692	15.51	6.29984752647579	
15.52	6.23144035041332	15.52	6.74951538350433	
15.53	6.27649777382612	15.53	6.9743493120186	
15.54	6.50178489089012	15.54	6.9743493120186	
15.55	6.18638292700052	15.55	6.79448216920719	
15.56	7.17764624208212	15.56	7.69381788326427	
15.57	6.77212943136692	15.57	7.19918324053288	
15.58	6.27649777382612	15.58	6.92938252631575	
15.59	7.49304820597172	15.59	7.82871824037284	
15.6	6.36661262065172	15.6	6.83944895491004	
15.61	7.58316305279732	15.61	7.82871824037284	
15.62	6.23144035041332	15.62	6.65958181209862	
15.63	6.63695716112852	15.63	6.92938252631575	
15.64	6.14132550358772	15.64	6.61461502639577	
15.65	6.45672746747732	15.65	6.61461502639577	
15.66	6.27649777382612	15.66	6.70454859780148	
15.67	6.23144035041332	15.67	6.43474788358435	
15.68	5.87098096311092	15.68	6.07501359796152	
15.69	5.87098096311092	15.69	6.25488074077293	
15.7	5.69075126945972	15.7	5.80521288374439	
15.71	5.42040672898293	15.71	5.80521288374439	
15.72	5.33029188215733	15.72	5.31057824101299	
15.73	4.60937310755253	15.73	4.81594359828159	
15.74	5.60063642263412	15.74	5.44547859812155	
15.75	4.51925826072693	15.75	4.45620931265876	
15.76	4.15879887342453	15.76	4.36627574125305	
15.77	4.15879887342453	15.77	4.00654145563021	
15.78	3.30270782858133	15.78	3.37700645579025	
15.79	3.93351175636053	15.79	3.69177395571023	
15.8	3.25765040516853	15.8	3.3320396700874	
15.81	2.80707617104053	15.81	2.52263752743602	
15.82	2.13121481984854	15.82	2.16290324181318	
15.83	2.08615739643574	15.83	1.80316895619035	
15.84	1.36523862183094	15.84	1.30853431345895	
15.85	1.95098512619734	15.85	1.57833502767608	
15.86	0.734434694051743	15.86	0.544098956510425	
15.87	1.09489408135414	15.87	0.678999313618988	
15.88	0.0135159194469452	15.88	-0.175369614735246	
15.89	0.644319847226143	15.89	0.229331456590444	
15.9	-0.301886044442654	15.9	-0.714971043169498	
15.91	-1.02280481904745	15.91	-1.2096056859009	
15.92	-0.932689972221851	15.92	-1.34450604300946	
15.93	-1.56349390000105	15.93	-1.97404104284942	
15.94	-1.15797708928585	15.94	-1.47940640011802	
15.95	-1.74372359365225	15.95	-2.19887497136369	
15.96	-2.73498690873384	15.96	-3.14317747112364	
15.97	-1.96901071071625	15.97	-2.51364247128367	
15.98	-3.09544629603624	15.98	-3.59284532815218	
15.99	-3.68119280040264	15.99	-4.08747997088358	
16	-3.36579083651304	16	-3.95257961377501	
16.01	-4.17682445794344	16.01	-4.67204818502069	
16.02	-4.53728384524584	16.02	-4.80694854212925	
16.03	-4.44716899842024	16.03	-4.98681568494067	
16.04	-4.98785807937384	16.04	-5.21164961345494	
16.05	-5.07797292619944	16.05	-5.61635068478063	
16.06	-5.57360458374023	16.06	-6.06601854180917	
16.07	-4.98785807937384	16.07	-5.57138389907777	
16.08	-6.24946593493223	16.08	-6.56065318454057	
16.09	-5.61866200715303	16.09	-6.20091889891773	
16.1	-6.60992532223463	16.1	-6.87542068446055	
16.11	-5.57360458374023	16.11	-6.15595211321488	
16.12	-6.88026986271143	16.12	-7.28012175578624	
16.13	-6.06923624128103	16.13	-6.60561997024342	
16.14	-7.15061440318823	16.14	-7.50495568430051	
16.15	-6.83521243929863	16.15	-7.28012175578624	
16.16	-7.42095894366503	16.16	-7.68482282711193	
16.17	-6.38463820517063	16.17	-6.74052032735199	
16.18	-7.42095894366503	16.18	-7.77475639851764	
16.19	-6.65498274564743	16.19	-6.87542068446055	
16.2	-7.24072925001383	16.2	-7.63985604140908	
16.21	-6.51981047540903	16.21	-6.8304538987577	
16.22	-7.24072925001383	16.22	-7.59488925570622	
16.23	-6.29452335834503	16.23	-6.56065318454057	
16.24	-7.06049955636263	16.24	-7.32508854148909	
16.25	-6.92532728612423	16.25	-6.9203874701634	
16.26	-6.74509759247303	16.26	-7.01032104156911	
16.27	-6.70004016906023	16.27	-6.69555354164913	
16.28	-6.24946593493223	16.28	-6.47071961313486	
16.29	-6.42969562858343	16.29	-6.65058675594628	
16.3	-5.48348973691463	16.3	-5.79621782759205	
16.31	-6.33958078175783	16.31	-6.38078604172915	
16.32	-5.84394912421703	16.32	-6.06601854180917	
16.33	-4.94280065596104	16.33	-4.94184889923781	
16.34	-5.61866200715303	16.34	-5.61635068478063	
16.35	-4.76257096230984	16.35	-4.62708139931783	
16.36	-4.53728384524584	16.36	-4.58211461361498	
16.37	-4.62739869207144	16.37	-4.62708139931783	
16.38	-4.40211157500744	16.38	-4.04251318518072	
16.39	-3.95153734087944	16.39	-3.90761282807216	
16.4	-4.08670961111784	16.4	-3.86264604236931	
16.41	-3.18556114286184	16.41	-2.82840997120366	
16.42	-3.18556114286184	16.42	-3.05324389971793	
16.43	-2.68992948532104	16.43	-2.2888085427694	
16.44	-2.46464236825705	16.44	-2.24384175706655	
16.45	-2.46464236825705	16.45	-2.01900782855228	
16.46	-1.74372359365225	16.46	-1.56933997152373	
16.47	-1.78878101706505	16.47	-1.29953925730661	
16.48	-1.02280481904745	16.48	-0.714971043169498	
16.49	-1.06786224246025	16.49	-0.62503747176379	
16.5	0.0135159194469452	16.5	0.544098956510425	
16.51	-0.0765989273786545	16.51	0.184364670887589	
16.52	1.13995150476694	16.52	1.44343467056751	
16.53	0.734434694051743	16.53	1.17363395635039	
16.54	0.644319847226143	16.54	1.21860074205324	
16.55	1.45535346865654	16.55	1.93806931329891	
16.56	2.04109997302294	16.56	2.70250467024744	
16.57	2.04109997302294	16.57	2.47767074173316	
16.58	3.21259298175573	16.58	3.64680717000738	
16.59	2.26638709008694	16.59	2.97230538446456	
16.6	3.12247813493013	16.6	3.64680717000738	
16.61	2.94224844127893	16.61	3.60184038430452	
16.62	4.29397114366293	16.62	4.86091038398445	
16.63	3.84339690953493	16.63	4.36627574125305	
16.64	3.93351175636053	16.64	4.81594359828159	
16.65	5.24017703533173	16.65	5.80521288374439	
16.66	4.33902856707573	16.66	5.04077752679586	
16.67	5.10500476509333	16.67	5.98508002655581	
16.68	5.51052157580853	16.68	6.11998038366437	
16.69	5.05994734168053	16.69	5.98508002655581	
16.7	6.32155519723892	16.7	6.92938252631575	
16.71	5.60063642263412	16.71	6.25488074077293	
16.72	5.55557899922132	16.72	6.3897810978815	
16.73	6.86224427819252	16.73	7.42401716904715	
16.74	6.05121065676212	16.74	6.70454859780148	
16.75	6.23144035041332	16.75	7.15421645483002	
16.76	6.50178489089012	16.76	7.15421645483002	
16.77	6.00615323334932	16.77	6.74951538350433	
16.78	6.68201458454132	16.78	7.24415002623573	
16.79	6.09626808017492	16.79	6.88441574061289	
16.8	7.49304820597172	16.8	8.05355216888711	
16.81	6.36661262065172	16.81	6.9743493120186	
16.82	7.35787593573332	16.82	7.9636185974814	
16.83	6.45672746747732	16.83	6.92938252631575	
16.84	6.54684231430292	16.84	7.33408359764144	
16.85	6.36661262065172	16.85	6.83944895491004	
16.86	6.59189973771572	16.86	7.28911681193858	
16.87	6.23144035041332	16.87	6.65958181209862	
16.88	5.73580869287252	16.88	6.4797146692872	
16.89	5.91603838652372	16.89	6.43474788358435	
16.9	5.42040672898293	16.9	5.98508002655581	
16.91	5.82592353969812	16.91	6.20991395507008	
16.92	5.05994734168053	16.92	5.62534574093297	
16.93	5.55557899922132	16.93	5.94011324085295	
16.94	4.60937310755253	16.94	5.13071109820157	
16.95	4.47420083731413	16.95	5.08574431249872	
16.96	5.42040672898293	16.96	5.62534574093297	
16.97	4.29397114366293	16.97	4.50117609836161	
16.98	3.66316721588373	16.98	4.18640859844163	
16.99	3.75328206270933	16.99	4.00654145563021	
17	3.34776525199413	17	3.78170752711594	
17.01	3.12247813493013	17.01	3.19713931297883	
17.02	2.35650193691254	17.02	2.74747145595029	
17.03	2.98730586469173	17.03	3.24210609868169	
17.04	1.99604254961014	17.04	2.07296967040747	
17.05	1.99604254961014	17.05	2.25283681321889	
17.06	1.50041089206934	17.06	1.48840145627037	
17.07	1.09489408135414	17.07	1.03873359924182	
17.08	0.373975306749344	17.08	0.589065742213279	
17.09	1.36523862183094	17.09	1.17363395635039	
17.1	0.0135159194469452	17.1	-0.130402829032391	
17.11	-0.572230584919453	17.11	-0.445170328952372	
17.12	-0.572230584919453	17.12	-0.714971043169498	
17.13	-1.38326420634985	17.13	-1.38947282871231	
17.14	-0.527173161506653	17.14	-0.804904614575207	
17.15	-1.87889586389065	17.15	-2.01900782855228	
17.16	-1.65360874682665	17.16	-1.7042403286323	
17.17	-2.41958494484425	17.17	-2.60357604268938	
17.18	-1.74372359365225	17.18	-2.15390818566084	
17.19	-3.00533144921064	17.19	-3.2780778282322	
17.2	-2.64487206190825	17.2	-2.91834354260936	
17.21	-3.59107795357704	17.21	-3.95257961377501	
17.22	-3.68119280040264	17.22	-3.86264604236931	
17.23	-4.17682445794344	17.23	-4.58211461361498	
17.24	-4.76257096230984	17.24	-4.8519153278321	
17.25	-4.35705415159464	17.25	-4.62708139931783	
17.26	-5.03291550278664	17.26	-5.48145032767206	
17.27	-4.85268580913544	17.27	-5.21164961345494	
17.28	-5.43843231350183	17.28	-5.93111818470061	
17.29	-6.06923624128103	17.29	-6.3358192560263	
17.3	-5.88900654762983	17.3	-6.38078604172915	
17.31	-6.33958078175783	17.31	-6.74052032735199	
17.32	-5.88900654762983	17.32	-6.38078604172915	
17.33	-6.88026986271143	17.33	-7.23515497008339	
17.34	-5.61866200715303	17.34	-6.20091889891773	
17.35	-6.65498274564743	17.35	-7.19018818438053	
17.36	-6.97038470953703	17.36	-7.23515497008339	
17.37	-6.83521243929863	17.37	-7.37005532719195	
17.38	-7.24072925001383	17.38	-7.59488925570622	
17.39	-6.42969562858343	17.39	-6.87542068446055	
17.4	-7.33084409683943	17.4	-7.77475639851764	
17.41	-7.33084409683943	17.41	-7.63985604140908	
17.42	-6.92532728612423	17.42	-7.45998889859766	
17.43	-7.37590152025223	17.43	-7.63985604140908	
17.44	-6.83521243929863	17.44	-7.4150221128948	
17.45	-7.28578667342663	17.45	-7.72978961281478	
17.46	-5.93406397104263	17.46	-6.51568639883772	
17.47	-7.01544213294983	17.47	-7.45998889859766	
17.48	-6.47475305199623	17.48	-6.96535425586626	
17.49	-6.65498274564743	17.49	-7.05528782727197	
17.5	-5.93406397104263	17.5	-6.42575282743201	
17.51	-6.42969562858343	17.51	-6.74052032735199	
17.52	-5.93406397104263	17.52	-6.3358192560263	
17.53	-6.06923624128103	17.53	-6.38078604172915	
17.54	-5.43843231350183	17.54	-5.75125104188919	
17.55	-5.70877685397863	17.55	-5.79621782759205	
17.56	-5.12303034961224	17.56	-5.48145032767206	
17.57	-5.12303034961224	17.57	-5.21164961345494	
17.58	-4.49222642183304	17.58	-4.80694854212925	
17.59	-4.53728384524584	17.59	-4.8519153278321	
17.6	-3.50096310675144	17.6	-3.59284532815218	
17.61	-3.86142249405384	17.61	-4.08747997088358	
17.62	-3.05038887262344	17.62	-3.32304461393505	
17.63	-3.23061856627464	17.63	-3.36801139963791	
17.64	-2.01406813412905	17.64	-2.19887497136369	
17.65	-2.64487206190825	17.65	-2.73847639979795	
17.66	-1.87889586389065	17.66	-1.83914068574086	
17.67	-2.05912555754185	17.67	-2.10894139995798	
17.68	-1.02280481904745	17.68	-0.93980497168377	
17.69	-1.06786224246025	17.69	-1.11967211449519	
17.7	-1.11291966587305	17.7	-0.894838185980916	
17.71	0.554205000400543	17.71	0.544098956510425	
17.72	-0.0315415039658546	17.72	0.0494643137790263	
17.73	0.0135159194469452	17.73	0.0944310994818807	
17.74	1.36523862183094	17.74	1.53336824197322	
17.75	0.959721811115742	17.75	1.03873359924182	
17.76	1.41029604524374	17.76	1.75820217048749	
17.77	1.68064058572054	17.77	1.89310252759606	
17.78	2.44661678373814	17.78	2.79243824165314	
17.79	2.08615739643574	17.79	2.3427703846246	
17.8	3.34776525199413	17.8	3.60184038430452	
17.81	2.49167420715094	17.81	2.92733859876171	
17.82	3.48293752223253	17.82	3.8266743128188	
17.83	3.07742071151733	17.83	3.60184038430452	
17.84	4.42914341390133	17.84	4.95084395539016	
17.85	4.29397114366293	17.85	4.72601002687588	
17.86	4.02362660318613	17.86	4.45620931265876	
17.87	5.05994734168053	17.87	5.76024609804153	
17.88	4.38408599048853	17.88	4.99581074109301	
17.89	5.33029188215733	17.89	6.03004681225866	
17.9	5.10500476509333	17.9	5.58037895523012	
17.91	5.60063642263412	17.91	6.34481431217864	
17.92	5.60063642263412	17.92	6.16494716936722	
17.93	6.72707200795412	17.93	7.24415002623573	
17.94	5.82592353969812	17.94	6.43474788358435	
17.95	6.90730170160532	17.95	7.42401716904715	
17.96	6.05121065676212	17.96	6.65958181209862	
17.97	6.05121065676212	17.97	6.92938252631575	
17.98	6.95235912501812	17.98	7.60388431185856	
17.99	6.00615323334932	17.99	6.74951538350433	
18	6.68201458454132	18	7.46898395475	
18.01	6.32155519723892	18.01	6.9743493120186	
18.02	6.95235912501812	18.02	7.69381788326427	
18.03	6.50178489089012	18.03	7.10924966912717	
18.04	6.86224427819252	18.04	7.69381788326427	
18.05	6.41167004406452	18.05	7.06428288342431	
18.06	6.23144035041332	18.06	7.06428288342431	
18.07	6.23144035041332	18.07	6.92938252631575	
18.08	6.41167004406452	18.08	7.28911681193858	
18.09	6.18638292700052	18.09	6.79448216920719	
18.1	5.78086611628532	18.1	6.43474788358435	
18.11	5.33029188215733	18.11	6.11998038366437	
18.12	6.23144035041332	18.12	6.74951538350433	
18.13	4.92477507144213	18.13	5.67031252663583	
18.14	5.28523445874453	18.14	5.8951464551501	
18.15	4.42914341390133	18.15	5.22064466960728	
18.16	4.74454537779093	18.16	5.35554502671584	
18.17	4.20385629683733	18.17	4.77097681257874	
18.18	4.29397114366293	18.18	4.81594359828159	
18.19	3.57305236905813	18.19	4.36627574125305	
18.2	4.69948795437813	18.2	5.08574431249872	
18.21	3.43788009881973	18.21	3.9166078842245	
18.22	3.25765040516853	18.22	4.00654145563021	
18.23	2.76201874762774	18.23	3.15217252727598	
18.24	3.25765040516853	18.24	3.60184038430452	
18.25	1.99604254961014	18.25	2.38773717032745	
18.26	1.50041089206934	18.26	2.11793645611033	
18.27	1.95098512619734	18.27	2.20787002751604	
18.28	1.32018119841814	18.28	1.80316895619035	
18.29	0.689377270638943	18.29	0.948800027836114	
18.3	1.18500892817974	18.3	1.53336824197322	
18.31	0.148688189685345	18.31	0.319265027996153	
18.32	0.689377270638943	18.32	0.813899670727551	
18.33	-0.527173161506653	18.33	-0.355236757546663	
18.34	-0.437058314681053	18.34	-0.265303186140954	
18.35	-1.15797708928585	18.35	-0.984771757386625	
18.36	-1.74372359365225	18.36	-1.61430675722659	
18.37	-1.06786224246025	18.37	-1.07470532879233	
18.38	-2.50969979166985	18.38	-2.46867568558082	
18.39	-1.83383844047785	18.39	-1.794173900038	
18.4	-2.91521660238504	18.4	-2.96331032831222	
18.41	-3.59107795357704	18.41	-3.41297818534076	
18.42	-3.54602053016424	18.42	-3.59284532815218	
18.43	-4.17682445794344	18.43	-4.08747997088358	
18.44	-4.17682445794344	18.44	-4.267347113695	
18.45	-4.31199672818184	18.45	-4.267347113695	
18.46	-4.80762838572264	18.46	-4.94184889923781	
18.47	-4.44716899842024	18.47	-4.44721425650641	
18.48	-5.21314519643784	18.48	-5.52641711337492	
18.49	-5.66371943056583	18.49	-5.66131747048348	
18.5	-5.57360458374023	18.5	-5.8411846132949	
18.51	-5.79889170080423	18.51	-5.79621782759205	
18.52	-6.11429366469383	18.52	-6.47071961313486	
18.53	-6.11429366469383	18.53	-6.15595211321488	
18.54	-6.15935108810663	18.54	-6.51568639883772	
18.55	-6.60992532223463	18.55	-6.96535425586626	
18.56	-6.97038470953703	18.56	-7.19018818438053	
18.57	-6.42969562858343	18.57	-6.87542068446055	
18.58	-7.15061440318823	18.58	-7.32508854148909	
18.59	-6.33958078175783	18.59	-6.56065318454057	
18.6	-6.92532728612423	18.6	-7.4150221128948	
18.61	-7.15061440318823	18.61	-7.37005532719195	
18.62	-6.97038470953703	18.62	-7.45998889859766	
18.63	-6.88026986271143	18.63	-7.14522139867768	
18.64	-6.97038470953703	18.64	-7.50495568430051	
18.65	-7.15061440318823	18.65	-7.37005532719195	
18.66	-5.93406397104263	18.66	-6.47071961313486	
18.67	-6.79015501588583	18.67	-7.37005532719195	
18.68	-6.65498274564743	18.68	-6.87542068446055	
18.69	-6.47475305199623	18.69	-7.05528782727197	
18.7	-6.06923624128103	18.7	-6.38078604172915	
18.71	-6.33958078175783	18.71	-6.87542068446055	
18.72	-5.66371943056583	18.72	-5.97608497040346	
18.73	-5.88900654762983	18.73	-6.42575282743201	
18.74	-4.98785807937384	18.74	-5.52641711337492	
18.75	-5.61866200715303	18.75	-6.15595211321488	
18.76	-4.40211157500744	18.76	-5.03178247064352	
18.77	-5.34831746667624	18.77	-5.8411846132949	
18.78	-4.17682445794344	18.78	-4.62708139931783	
18.79	-4.53728384524584	18.79	-5.07674925634637	
18.8	-4.35705415159464	18.8	-4.58211461361498	
18.81	-3.86142249405384	18.81	-4.3572806851007	
18.82	-3.95153734087944	18.82	-4.40224747080356	
18.83	-3.77130764722824	18.83	-3.99754639947787	
18.84	-2.41958494484425	18.84	-2.96331032831222	
18.85	-3.18556114286184	18.85	-3.45794497104362	
18.86	-1.65360874682665	18.86	-2.06397461425513	
18.87	-2.19429782778025	18.87	-2.64854282839224	
18.88	-2.10418298095465	18.88	-2.33377532847226	
18.89	-1.15797708928585	18.89	-1.56933997152373	
18.9	-1.56349390000105	18.9	-1.7042403286323	
18.91	-0.121656350791454	18.91	-0.355236757546663	
18.92	-0.752460278570652	18.92	-0.93980497168377	
18.93	0.599262423813343	18.93	0.274298242293298	
18.94	-0.121656350791454	18.94	-0.310269971843809	
18.95	1.45535346865654	18.95	1.12866717064753	
18.96	0.779492117464542	18.96	0.544098956510425	
18.97	1.23006635159254	18.97	1.39846788486466	
18.98	1.41029604524374	18.98	1.26356752775609	
18.99	1.63558316230774	18.99	1.80316895619035	
19	2.31144451349974	19	2.20787002751604	
19.01	2.44661678373814	19.01	2.70250467024744	
19.02	2.98730586469173	19.02	2.92733859876171	
19.03	2.76201874762774	19.03	3.01727217016742	
19.04	3.52799494564533	19.04	3.55687359860167	
19.05	3.43788009881973	19.05	3.73674074141309	
19.06	3.79833948612213	19.06	3.96157466992736	
19.07	4.87971764802933	19.07	5.22064466960728	
19.08	4.56431568413973	19.08	4.72601002687588	
19.09	4.42914341390133	19.09	4.81594359828159	
19.1	4.83466022461653	19.1	5.08574431249872	
19.11	6.05121065676212	19.11	6.34481431217864	
19.12	5.01488991826773	19.12	5.4005118124187	
19.13	6.45672746747732	19.13	6.61461502639577	
19.14	5.64569384604692	19.14	5.98508002655581	
19.15	5.82592353969812	19.15	6.43474788358435	
19.16	6.05121065676212	19.16	6.3897810978815	
19.17	6.90730170160532	19.17	7.33408359764144	
19.18	6.27649777382612	19.18	6.65958181209862	
19.19	5.87098096311092	19.19	6.52468145499006	
19.2	7.22270366549492	19.2	7.64885109756142	
19.21	6.00615323334932	19.21	6.70454859780148	
19.22	7.17764624208212	19.22	7.69381788326427	
19.23	6.32155519723892	19.23	6.88441574061289	
19.24	7.08753139525652	19.24	7.73878466896713	
19.25	6.45672746747732	19.25	6.9743493120186	
19.26	6.05121065676212	19.26	6.79448216920719	
19.27	6.32155519723892	19.27	6.88441574061289	
19.28	5.91603838652372	19.28	6.56964824069291	
19.29	6.59189973771572	19.29	7.15421645483002	
19.3	5.78086611628532	19.3	6.43474788358435	
19.31	6.27649777382612	19.31	7.01931609772146	
19.32	5.69075126945972	19.32	6.25488074077293	
19.33	5.15006218850613	19.33	5.98508002655581	
19.34	5.19511961191893	19.34	6.16494716936722	
19.35	6.09626808017492	19.35	6.61461502639577	
19.36	4.60937310755253	19.36	5.31057824101299	
19.37	5.51052157580853	19.37	6.07501359796152	
19.38	4.60937310755253	19.38	5.22064466960728	
19.39	3.97856917977333	19.39	4.72601002687588	
19.4	4.06868402659893	19.4	4.72601002687588	
19.41	3.66316721588373	19.41	4.54614288406447	
19.42	3.43788009881973	19.42	4.05150824133307	
19.43	2.80707617104053	19.43	3.64680717000738	
19.44	2.98730586469173	19.44	3.60184038430452	
19.45	2.17627224326134	19.45	3.01727217016742	
19.46	2.22132966667414	19.46	2.837405027356	
19.47	1.50041089206934	19.47	2.3427703846246	
19.48	2.35650193691254	19.48	2.837405027356	
19.49	0.914664387702942	19.49	1.48840145627037	
19.5	1.59052573889494	19.5	2.07296967040747	
19.51	0.509147576987743	19.51	0.948800027836114	
19.52	0.373975306749344	19.52	1.12866717064753	
19.53	-0.437058314681053	19.53	0.0944310994818807	
19.54	-0.662345431745052	19.54	0.0494643137790263	
19.55	0.148688189685345	19.55	0.544098956510425	
19.56	-1.38326420634985	19.56	-0.93980497168377	
19.57	-0.707402855157852	19.57	-0.355236757546663	
19.58	-2.10418298095465	19.58	-1.65927354292944	
19.59	-1.20303451269865	19.59	-0.894838185980916	
19.6	-2.91521660238504	19.6	-2.46867568558082	
19.61	-2.68992948532104	19.61	-2.42370889987797	
19.62	-3.41084825992584	19.62	-2.87337675690651	
19.63	-3.45590568333864	19.63	-3.14317747112364	
19.64	-3.68119280040264	19.64	-3.23311104252934	
19.65	-4.04165218770504	19.65	-3.86264604236931	
19.66	-4.53728384524584	19.66	-4.08747997088358	
19.67	-4.49222642183304	19.67	-4.3572806851007	
19.68	-4.89774323254824	19.68	-4.49218104220927	
19.69	-5.21314519643784	19.69	-5.12171604204923	
19.7	-4.89774323254824	19.7	-4.71701497072354	
19.71	-5.61866200715303	19.71	-5.57138389907777	
19.72	-6.02417881786823	19.72	-5.75125104188919	
19.73	-5.97912139445543	19.73	-5.97608497040346	
19.74	-6.47475305199623	19.74	-6.15595211321488	
19.75	-6.24946593493223	19.75	-6.29085247032344	
19.76	-6.74509759247303	19.76	-6.65058675594628	
19.77	-5.88900654762983	19.77	-5.93111818470061	
19.78	-6.88026986271143	19.78	-7.01032104156911	
19.79	-6.02417881786823	19.79	-6.11098532751203	
19.8	-6.88026986271143	19.8	-7.01032104156911	
19.81	-7.42095894366503	19.81	-7.45998889859766	
19.82	-6.88026986271143	19.82	-7.14522139867768	
19.83	-7.46601636707783	19.83	-7.50495568430051	
19.84	-6.24946593493223	19.84	-6.60561997024342	
19.85	-7.42095894366503	19.85	-7.59488925570622	
19.86	-6.24946593493223	19.86	-6.65058675594628	
19.87	-7.37590152025223	19.87	-7.54992247000337	
19.88	-6.79015501588583	19.88	-7.14522139867768	
19.89	-6.33958078175783	19.89	-6.42575282743201	
19.9	-5.75383427739143	19.9	-6.29085247032344	
19.91	-6.47475305199623	19.91	-6.9203874701634	
19.92	-5.57360458374023	19.92	-5.93111818470061	
19.93	-6.15935108810663	19.93	-6.65058675594628	
19.94	-6.33958078175783	19.94	-6.69555354164913	
19.95	-6.20440851151943	19.95	-6.47071961313486	
19.96	-5.57360458374023	19.96	-6.06601854180917	
19.97	-5.43843231350183	19.97	-5.61635068478063	
19.98	-5.21314519643784	19.98	-5.70628425618634	
19.99	-5.03291550278664	19.99	-5.21164961345494	
