Temps	Pendule{1}	Temps	Pendule{2}
0	-5.79889170080423	0	-0.2203364004381
0.03	-6.92532728612423	0.03	-0.265303186140954
0.06	-7.37590152025223	0.06	0.409198599401861
0.09	-6.70004016906023	0.09	1.89310252759606
0.12	-7.06049955636263	0.12	1.93806931329891
0.15	-7.19567182660103	0.15	2.25283681321889
0.18	-6.47475305199623	0.18	3.10720574157313
0.21	-6.47475305199623	0.21	3.37700645579025
0.24	-5.52854716032743	0.24	4.32130895555019
0.27	-4.67245611548424	0.27	4.54614288406447
0.3	-3.90647991746664	0.3	4.9058771696873
0.33	-3.36579083651304	0.33	4.72601002687588
0.36	-2.37452752143145	0.36	4.99581074109301
0.39	-1.20303451269865	0.39	5.08574431249872
0.42	-0.527173161506653	0.42	4.63607645547017
0.45	1.50041089206934	0.45	5.53541216952726
0.48	1.54546831548214	0.48	4.32130895555019
0.51	2.13121481984854	0.51	3.73674074141309
0.54	3.21259298175573	0.54	3.64680717000738
0.57	4.06868402659893	0.57	3.10720574157313
0.6	4.38408599048853	0.6	1.93806931329891
0.63	4.60937310755253	0.63	1.03873359924182
0.66	5.10500476509333	0.66	0.319265027996153
0.69	5.19511961191893	0.69	-0.535103900358081
0.72	5.33029188215733	0.72	-1.29953925730661
0.75	5.51052157580852	0.75	-2.10894139995798
0.78	5.10500476509333	0.78	-3.00827711401507
0.81	6.09626808017492	0.81	-2.7834431855008
0.84	5.01488991826773	0.84	-4.17741354228929
0.87	4.47420083731413	0.87	-4.76198175642639
0.9	3.84339690953493	0.9	-5.39151675626636
0.93	3.03236328810453	0.93	-5.70628425618634
0.96	3.21259298175573	0.96	-5.07674925634638
0.99	1.54546831548214	0.99	-6.38078604172915
1.02	0.869606964290142	1.02	-5.97608497040346
1.05	0.148688189685345	1.05	-6.15595211321488
1.08	-0.617288008332253	1.08	-5.88615139899775
1.11	-1.74372359365225	1.11	-5.79621782759204
1.14	-2.50969979166985	1.14	-5.39151675626636
1.17	-3.32073341310024	1.17	-4.8519153278321
1.2	-3.41084825992584	1.2	-3.36801139963791
1.23	-4.31199672818184	1.23	-3.14317747112364
1.26	-4.53728384524584	1.26	-2.15390818566084
1.29	-4.58234126865864	1.29	-0.93980497168377
1.32	-5.34831746667623	1.32	-0.490137114655226
1.35	-5.30326004326344	1.35	0.454165385104716
1.38	-5.75383427739143	1.38	1.12866717064753
1.41	-4.13176703453064	1.41	3.51190681289881
1.44	-4.67245611548424	1.44	4.09647502703592
1.47	-5.21314519643784	1.47	4.00654145563021
1.5	-5.16808777302504	1.5	4.77097681257874
1.53	-3.99659476429224	1.53	5.62534574093297
1.56	-3.00533144921064	1.56	6.79448216920719
1.59	-2.59981463849545	1.59	6.3897810978815
1.62	-1.78878101706505	1.62	7.19918324053288
1.65	-1.51843647658825	1.65	7.06428288342431
1.68	-1.51843647658825	1.68	6.83944895491004
1.71	-0.797517701983452	1.71	6.20991395507008
1.74	2.62684647738934	1.74	8.27838609740138
1.77	1.04983665794134	1.77	5.62534574093297
1.8	4.47420083731413	1.8	8.90792109724134
1.83	0.103630766272545	1.83	2.97230538446456
1.86	0.238803036510944	1.86	2.837405027356
1.89	1.81581285595894	1.89	1.53336824197322
1.92	4.20385629683733	1.92	3.55687359860167
1.95	5.46546415239573	1.95	2.29780359892175
1.98	11.5482163131237	1.98	8.50322002591565
2.01	6.77212943136692	2.01	2.20787002751604
2.04	9.92614907026291	2.04	4.14144181273878
2.07	5.55557899922132	2.07	-1.34450604300946
2.1	5.46546415239573	2.1	-2.2888085427694
2.13	3.34776525199413	2.13	-4.98681568494067
2.16	2.94224844127893	2.16	-5.79621782759204
2.19	2.53673163056374	2.19	-6.47071961313486
2.22	2.26638709008694	2.22	-6.9203874701634
2.25	1.72569800913334	2.25	-7.28012175578624
2.28	1.23006635159254	2.28	-7.50495568430051
2.31	0.824549540877342	2.31	-7.45998889859766
2.34	0.283860459923744	2.34	-7.37005532719195
2.37	-0.166713774204254	2.37	-7.10025461297482
2.4	-0.617288008332253	2.4	-6.65058675594628
2.43	-0.842575125396252	2.43	-5.79621782759204
2.46	-1.51843647658825	2.46	-5.30158318486065
2.49	-1.96901071071625	2.49	-4.53714782791212
2.52	-2.50969979166985	2.52	-3.86264604236931
2.55	-2.10418298095465	2.55	-2.15390818566084
2.58	-2.82510175555944	2.58	-1.65927354292944
2.61	-2.96027402579784	2.61	-0.445170328952372
2.64	-3.59107795357704	2.64	0.364231813699007
2.67	-2.28441267460585	2.67	2.65753788454458
2.7	-3.36579083651304	2.7	2.61257109884173
2.73	-2.28441267460585	2.73	4.72601002687588
2.76	-2.87015917897224	2.76	4.95084395539016
2.79	-2.73498690873384	2.79	5.67031252663583
2.82	-2.96027402579784	2.82	6.16494716936722
2.85	-2.73498690873384	2.85	6.79448216920719
2.88	-2.41958494484425	2.88	7.10924966912717
2.91	-2.14924040436745	2.91	7.42401716904715
2.94	-1.74372359365225	2.94	7.51395074045286
2.97	-1.02280481904745	2.97	8.18845252599567
3	-0.0315415039658546	3	8.32335288310424
3.03	-0.752460278570652	3.03	6.83944895491004
3.06	-0.572230584919453	3.06	6.47971466928721
3.09	-0.346943467855454	3.09	5.62534574093297
3.12	0.779492117464542	3.12	5.71527931233868
3.15	1.36523862183094	3.15	4.72601002687588
3.18	0.689377270638943	3.18	2.88237181305885
3.21	0.599262423813343	3.21	1.8481357418932
3.24	1.36523862183094	3.24	1.26356752775609
3.27	1.23006635159254	3.27	-0.445170328952372
3.3	1.41029604524374	3.3	-1.52437318582088
3.33	1.13995150476694	3.33	-2.96331032831222
3.36	0.959721811115742	3.36	-4.08747997088358
3.39	1.36523862183094	3.39	-4.49218104220927
3.42	2.22132966667414	3.42	-4.8519153278321
3.45	1.50041089206934	3.45	-6.24588568462059
3.48	1.23006635159254	3.48	-7.10025461297482
3.51	0.779492117464542	3.51	-7.86468996992335
3.54	0.779492117464542	3.54	-7.9096567556262
3.57	1.18500892817974	3.57	-7.68482282711193
3.6	0.734434694051743	3.6	-8.26939104124904
3.63	0.689377270638943	3.63	-7.99959032703191
3.66	0.373975306749344	3.66	-7.81972318422049
3.69	0.238803036510944	3.69	-7.32508854148909
3.72	0.283860459923744	3.72	-6.11098532751203
3.75	0.824549540877342	3.75	-4.94184889923781
3.78	-0.0315415039658546	3.78	-4.76198175642639
3.81	-0.256828621029854	3.81	-3.90761282807216
3.84	-0.572230584919453	3.84	-2.87337675690651
3.87	-0.752460278570652	3.87	-1.61430675722659
3.9	-0.392000891268253	3.9	-0.2203364004381
3.93	-0.887632548809052	3.93	0.768932885024697
3.96	-0.482115738093853	3.96	2.25283681321889
3.99	-0.932689972221851	3.99	2.97230538446456
4.02	-1.29314935952425	4.02	4.00654145563021
4.05	-0.932689972221851	4.05	5.17567788390443
4.08	-1.29314935952425	4.08	6.07501359796152
4.11	-1.29314935952425	4.11	6.88441574061289
4.14	-1.29314935952425	4.14	7.19918324053288
4.17	-1.47337905317545	4.17	7.51395074045286
4.2	-1.69866617023945	4.2	7.82871824037284
4.23	-0.932689972221851	4.23	8.4582532402128
4.26	-1.51843647658825	4.26	7.73878466896713
4.29	-1.96901071071625	4.29	7.33408359764144
4.32	-1.92395328730345	4.32	7.01931609772146
4.35	-0.752460278570652	4.35	7.33408359764144
4.38	-1.60855132341385	4.38	5.67031252663583
4.41	-1.65360874682665	4.41	4.81594359828159
4.44	-1.65360874682665	4.44	4.14144181273878
4.47	-1.47337905317545	4.47	2.97230538446456
4.5	-1.74372359365225	4.5	1.53336824197322
4.53	-1.69866617023945	4.53	0.49913217080757
4.56	-1.20303451269865	4.56	-0.490137114655226
4.59	-0.301886044442654	4.59	-0.894838185980916
4.62	-0.346943467855454	4.62	-2.06397461425513
4.65	-0.752460278570652	4.65	-3.86264604236931
4.68	0.058573342859745	4.68	-4.22238032799214
4.71	-0.482115738093853	4.71	-5.8411846132949
4.74	0.509147576987743	4.74	-5.70628425618634
4.77	0.824549540877342	4.77	-6.38078604172915
4.8	0.238803036510944	4.8	-7.63985604140908
4.83	0.419032730162144	4.83	-7.72978961281478
4.86	0.644319847226143	4.86	-7.86468996992335
4.89	0.824549540877342	4.89	-7.81972318422049
4.92	1.95098512619734	4.92	-7.01032104156911
4.95	1.50041089206934	4.95	-7.28012175578624
4.98	1.86087027937174	4.98	-6.65058675594628
5.01	2.58178905397654	5.01	-5.43648354196921
5.04	1.72569800913334	5.04	-5.25661639915779
5.07	1.59052573889494	5.07	-4.62708139931783
5.1	2.40155936032534	5.1	-3.14317747112364
5.13	2.08615739643574	5.13	-2.37874211417511
5.16	1.95098512619734	5.16	-1.38947282871231
5.19	1.54546831548214	5.19	-0.490137114655226
5.22	2.35650193691254	5.22	1.48840145627037
5.25	2.26638709008694	5.25	2.65753788454458
5.28	1.36523862183094	5.28	3.15217252727598
5.31	0.869606964290142	5.31	3.87164109852165
5.34	0.464090153574944	5.34	4.72601002687588
5.37	0.058573342859745	5.37	5.49044538382441
5.4	-0.346943467855454	5.4	6.16494716936722
5.43	-0.617288008332253	5.43	6.61461502639577
5.46	-1.11291966587305	5.46	6.92938252631575
5.49	-1.47337905317545	5.49	7.15421645483002
5.52	-1.96901071071625	5.52	7.15421645483002
5.55	-1.47337905317545	5.55	8.00858538318425
5.58	-2.32947009801865	5.58	7.01931609772146
5.61	-2.64487206190825	5.61	6.61461502639577
5.64	-3.36579083651304	5.64	5.76024609804153
5.67	-3.68119280040264	5.67	5.04077752679586
5.7	-2.68992948532104	5.7	5.26561145531014
5.73	-3.63613537698984	5.73	3.51190681289881
5.76	-3.81636507064104	5.76	2.79243824165314
5.79	-3.63613537698984	5.79	1.53336824197322
5.82	-3.95153734087944	5.82	0.409198599401861
5.85	-3.00533144921064	5.85	0.0944310994818807
5.88	-3.54602053016424	5.88	-1.92907425714657
5.91	-3.41084825992584	5.91	-2.87337675690651
5.94	-2.37452752143145	5.94	-3.32304461393505
5.97	-2.41958494484425	5.97	-4.62708139931783
6	-2.19429782778025	6	-5.3465499705635
6.03	-0.482115738093853	6.03	-5.03178247064352
6.06	-0.527173161506653	6.06	-6.11098532751203
6.09	-0.482115738093853	6.09	-7.01032104156911
6.12	1.09489408135414	6.12	-6.15595211321488
6.15	0.824549540877342	6.15	-6.87542068446055
6.18	1.95098512619734	6.18	-6.3358192560263
6.21	2.08615739643574	6.21	-6.78548711305484
6.24	2.26638709008694	6.24	-6.69555354164913
6.27	2.67190390080214	6.27	-6.24588568462059
6.3	3.43788009881973	6.3	-5.3465499705635
6.33	3.61810979247093	6.33	-4.76198175642639
6.36	3.61810979247093	6.36	-4.13244675658643
6.39	3.88845433294773	6.39	-3.00827711401507
6.42	4.24891372025013	6.42	-2.01900782855228
6.45	4.20385629683733	6.45	-1.07470532879233
6.48	4.02362660318613	6.48	-0.265303186140954
6.51	3.84339690953493	6.51	0.768932885024697
6.54	3.43788009881973	6.54	1.57833502767608
6.57	3.03236328810453	6.57	2.79243824165314
6.6	3.03236328810453	6.6	4.00654145563021
6.63	2.76201874762774	6.63	4.77097681257874
6.66	1.04983665794134	6.66	4.54614288406447
6.69	1.68064058572054	6.69	6.16494716936722
6.72	0.193745613098145	6.72	5.71527931233868
6.75	-0.527173161506653	6.75	6.07501359796152
6.78	-1.38326420634985	6.78	6.07501359796152
6.81	-2.28441267460585	6.81	5.8951464551501
6.84	-1.78878101706505	6.84	6.83944895491004
6.87	-3.23061856627464	6.87	5.80521288374439
6.9	-3.99659476429224	6.9	5.26561145531014
6.93	-4.17682445794344	6.93	5.4005118124187
6.96	-4.53728384524584	6.96	4.63607645547017
6.99	-5.25820261985064	6.99	3.60184038430452
7.02	-5.79889170080423	7.02	2.61257109884173
7.05	-5.70877685397863	7.05	2.43270395603031
7.08	-4.89774323254824	7.08	2.02800288470462
7.11	-5.97912139445543	7.11	0.0494643137790263
7.14	-4.80762838572264	7.14	0.319265027996153
7.17	-4.94280065596104	7.17	-1.07470532879233
7.2	-5.03291550278664	7.2	-2.42370889987797
7.23	-4.58234126865864	7.23	-3.00827711401507
7.26	-2.96027402579784	7.26	-2.73847639979795
7.29	-2.82510175555944	7.29	-4.04251318518072
7.32	-2.41958494484425	7.32	-4.8519153278321
7.35	-1.74372359365225	7.35	-5.25661639915779
7.38	-0.707402855157852	7.38	-5.16668282775208
7.41	1.00477923452854	7.41	-4.58211461361498
7.44	1.86087027937174	7.44	-4.8519153278321
7.47	2.40155936032534	7.47	-4.8519153278321
7.5	2.80707617104054	7.5	-5.3465499705635
7.53	3.34776525199413	7.53	-5.16668282775208
7.56	3.79833948612213	7.56	-4.80694854212925
7.59	4.33902856707573	7.59	-4.40224747080356
7.62	5.96109580993652	7.62	-3.00827711401507
7.65	6.32155519723892	7.65	-2.19887497136369
7.68	5.82592353969812	7.68	-2.33377532847226
7.71	5.69075126945972	7.71	-1.92907425714657
7.74	5.69075126945972	7.74	-0.849871400278062
7.77	6.54684231430292	7.77	0.544098956510425
7.8	5.51052157580852	7.8	0.544098956510425
7.83	4.74454537779093	7.83	0.858866456430405
7.86	5.28523445874453	7.86	2.52263752743602
7.89	4.20385629683733	7.89	2.74747145595029
7.92	3.07742071151733	7.92	2.79243824165314
7.95	2.31144451349974	7.95	3.28707288438454
7.98	2.04109997302294	7.98	4.4112425269559
8.01	0.509147576987743	8.01	4.05150824133307
8.04	-0.437058314681053	8.04	4.27634216984734
8.07	-1.83383844047785	8.07	4.05150824133307
8.1	-2.78004433214664	8.1	4.23137538414449
8.13	-2.96027402579784	8.13	4.72601002687588
8.16	-3.27567598968744	8.16	5.04077752679586
8.19	-5.25820261985064	8.19	3.46694002719596
8.22	-6.11429366469383	8.22	3.19713931297883
8.25	-6.65498274564743	8.25	2.74747145595029
8.28	-7.01544213294983	8.28	2.47767074173316
8.31	-6.56486789882183	8.31	2.79243824165314
8.34	-7.24072925001383	8.34	1.39846788486466
8.37	-7.60118863731623	8.37	0.723966099321842
8.4	-7.37590152025223	8.4	0.229331456590444
8.43	-7.19567182660103	8.43	-0.2203364004381
8.46	-5.70877685397863	8.46	0.00449752807617188
8.49	-6.15935108810663	8.49	-1.11967211449519
8.52	-4.80762838572264	8.52	-1.11967211449519
8.55	-4.35705415159464	8.55	-2.06397461425513
8.58	-3.72625022381544	8.58	-2.60357604268938
8.61	-2.32947009801865	8.61	-2.19887497136369
8.64	-1.06786224246025	8.64	-2.55860925698653
8.67	0.193745613098145	8.67	-2.60357604268938
8.7	0.283860459923744	8.7	-3.72774568526074
8.73	1.50041089206934	8.73	-3.50291175674647
8.76	2.13121481984854	8.76	-3.7727124709636
8.79	2.98730586469173	8.79	-3.63781211385503
8.82	4.38408599048853	8.82	-2.82840997120366
8.85	4.78960280120373	8.85	-3.09821068542078
8.88	5.69075126945972	8.88	-2.87337675690651
8.91	6.32155519723892	8.91	-2.51364247128367
8.94	6.54684231430292	8.94	-2.37874211417511
8.97	6.54684231430292	8.97	-1.88410747144371
9	7.31281851232052	9	-0.759937828872353
9.03	6.86224427819252	9.03	-0.849871400278062
9.06	6.81718685477972	9.06	-0.400203543249518
9.09	6.14132550358772	9.09	-0.265303186140954
9.12	5.78086611628532	9.12	-0.0404692576266825
9.15	5.37534930557013	9.15	0.454165385104716
9.18	3.97856917977333	9.18	0.454165385104716
9.21	3.34776525199413	9.21	1.08370038494468
9.24	2.17627224326134	9.24	1.12866717064753
9.27	2.53673163056374	9.27	2.837405027356
9.3	0.373975306749344	9.3	1.89310252759606
9.33	0.103630766272545	9.33	2.97230538446456
9.36	-1.74372359365225	9.36	1.80316895619035
9.39	-2.59981463849545	9.39	2.16290324181318
9.42	-3.90647991746664	9.42	1.8481357418932
9.45	-4.80762838572264	9.45	1.89310252759606
9.48	-6.06923624128103	9.48	1.48840145627037
9.51	-6.65498274564743	9.51	1.57833502767608
9.54	-6.65498274564743	9.54	1.93806931329891
9.57	-7.10555697977543	9.57	1.66826859908178
9.6	-7.69130348414183	9.6	1.53336824197322
9.63	-7.73636090755463	9.63	1.12866717064753
9.66	-8.41222225874662	9.66	0.364231813699007
9.69	-7.55613121390343	9.69	1.3535010991618
9.72	-7.73636090755463	9.72	0.00449752807617188
9.75	-6.47475305199623	9.75	0.274298242293298
9.78	-6.88026986271143	9.78	-0.714971043169498
9.81	-3.63613537698984	9.81	1.48840145627037
9.84	-6.02417881786823	9.84	-1.83914068574086
9.87	-3.99659476429224	9.87	-1.2096056859009
9.9	-3.90647991746664	9.9	-1.61430675722659
9.93	-1.06786224246025	9.93	0.409198599401861
9.96	0.328917883336544	9.96	0.139397885184735
9.99	-1.20303451269865	9.99	-2.37874211417511
10.02	4.11374145001173	10.02	1.03873359924182
10.05	0.869606964290142	10.05	-3.00827711401507
10.08	7.71833532303572	10.08	2.70250467024744
10.11	6.18638292700052	10.11	-0.445170328952372
10.14	9.56568968296051	10.14	3.55687359860167
10.17	12.2240776643157	10.17	4.59110966976732
10.2	11.5482163131237	10.2	3.51190681289881
10.23	11.2778717726469	10.23	2.92733859876171
10.26	8.75465606153011	10.26	-0.0854360433295369
10.29	7.62822047621012	10.29	-1.2096056859009
10.32	7.26776108890772	10.32	-1.34450604300946
10.35	7.08753139525652	10.35	-1.29953925730661
10.38	6.59189973771572	10.38	-1.16463890019804
10.41	6.00615323334932	10.41	-1.11967211449519
10.44	5.33029188215733	10.44	-0.984771757386625
10.47	4.38408599048853	10.47	-0.984771757386625
10.5	3.52799494564533	10.5	-0.804904614575207
10.53	2.49167420715094	10.53	-0.670004257466644
10.56	1.41029604524374	10.56	-0.580070686060935
10.59	0.419032730162144	10.59	-0.355236757546663
10.62	-0.752460278570652	10.62	-0.355236757546663
10.65	-1.87889586389065	10.65	-0.175369614735246
10.68	-2.96027402579784	10.68	-0.0854360433295369
10.71	-3.99659476429224	10.71	-0.0404692576266825
10.74	-4.98785807937384	10.74	0.274298242293298
10.77	-5.30326004326344	10.77	0.858866456430405
10.8	-6.42969562858343	10.8	0.589065742213279
10.83	-7.37590152025223	10.83	0.364231813699007
10.86	-7.69130348414183	10.86	0.634032527916133
10.89	-8.36716483533382	10.89	0.723966099321842
10.92	-7.46601636707783	10.92	1.80316895619035
10.95	-6.97038470953703	10.95	2.11793645611033
10.98	-7.82647575438023	10.98	1.17363395635039
11.01	-7.78141833096743	11.01	1.26356752775609
11.04	-6.74509759247303	11.04	1.66826859908178
11.07	-6.33958078175783	11.07	1.39846788486466
11.1	-5.66371943056583	11.1	1.62330181337893
11.13	-4.53728384524584	11.13	1.93806931329891
11.16	-3.77130764722824	11.16	1.48840145627037
11.19	-2.23935525119305	11.19	2.07296967040747
11.22	-1.65360874682665	11.22	1.53336824197322
11.25	-0.662345431745052	11.25	1.17363395635039
11.28	0.599262423813343	11.28	0.993766813538969
11.31	1.81581285595894	11.31	1.26356752775609
11.34	2.89719101786613	11.34	1.12866717064753
11.37	4.42914341390133	11.37	1.30853431345895
11.4	4.92477507144213	11.4	0.589065742213279
11.43	5.55557899922132	11.43	0.139397885184735
11.46	5.91603838652372	11.46	-0.355236757546663
11.49	6.41167004406452	11.49	-0.445170328952372
11.52	6.68201458454132	11.52	-0.759937828872353
11.55	7.44799078255892	11.55	-0.580070686060935
11.58	7.17764624208212	11.58	-1.11967211449519
11.61	7.22270366549492	11.61	-1.47940640011802
11.64	6.41167004406452	11.64	-2.2888085427694
11.67	5.82592353969812	11.67	-2.51364247128367
11.7	5.55557899922132	11.7	-2.69350961409509
11.73	4.87971764802933	11.73	-2.69350961409509
11.76	3.88845433294773	11.76	-3.09821068542078
11.79	2.89719101786613	11.79	-3.18814425682649
11.82	2.08615739643574	11.82	-3.05324389971793
11.85	0.734434694051743	11.85	-3.23311104252934
11.88	-0.121656350791454	11.88	-3.09821068542078
11.91	-1.24809193611145	11.91	-2.73847639979795
11.94	-2.10418298095465	11.94	-2.33377532847226
11.97	-3.14050371944904	11.97	-2.42370889987797
12	-3.86142249405384	12	-1.92907425714657
12.03	-5.07797292619944	12.03	-1.7042403286323
12.06	-4.67245611548424	12.06	-0.355236757546663
12.09	-6.02417881786823	12.09	-0.670004257466644
12.12	-6.51981047540903	12.12	-0.130402829032391
12.15	-6.92532728612423	12.15	0.184364670887589
12.18	-7.51107379049063	12.18	0.409198599401861
12.21	-6.42969562858343	12.21	1.93806931329891
12.24	-7.37590152025223	12.24	1.44343467056751
12.27	-6.11429366469383	12.27	3.01727217016742
12.3	-6.47475305199623	12.3	2.61257109884173
12.33	-6.47475305199623	12.33	2.56760431313887
12.36	-4.62739869207144	12.36	4.05150824133307
12.39	-4.62739869207144	12.39	3.55687359860167
12.42	-3.09544629603624	12.42	4.50117609836161
12.45	-2.14924040436745	12.45	4.59110966976732
12.48	-2.05912555754185	12.48	3.78170752711594
12.51	-1.33820678293705	12.51	3.55687359860167
12.54	-0.0765989273786545	12.54	3.64680717000738
12.57	0.824549540877342	12.57	3.37700645579025
12.6	1.77075543254614	12.6	3.19713931297883
12.63	2.49167420715094	12.63	2.56760431313887
12.66	3.43788009881973	12.66	2.29780359892175
12.69	4.15879887342453	12.69	1.80316895619035
12.72	4.47420083731413	12.72	0.993766813538969
12.75	4.92477507144213	12.75	0.454165385104716
12.78	6.50178489089012	12.78	0.858866456430405
12.81	5.91603838652372	12.81	-0.535103900358081
12.84	5.96109580993652	12.84	-1.2096056859009
12.87	6.32155519723892	12.87	-1.47940640011802
12.9	5.42040672898293	12.9	-2.69350961409509
12.93	5.24017703533173	12.93	-3.23311104252934
12.96	5.10500476509333	12.96	-3.2780778282322
12.99	4.65443053096533	12.99	-3.95257961377502
13.02	4.69948795437813	13.02	-3.72774568526074
13.05	3.07742071151733	13.05	-4.89688211353496
13.08	2.26638709008694	13.08	-4.80694854212925
13.11	1.59052573889494	13.11	-4.8519153278321
13.14	1.50041089206934	13.14	-4.40224747080356
13.17	0.058573342859745	13.17	-4.80694854212925
13.2	-0.346943467855454	13.2	-4.22238032799214
13.23	-1.69866617023945	13.23	-4.49218104220927
13.26	-2.78004433214664	13.26	-3.99754639947787
13.29	-2.50969979166985	13.29	-2.7834431855008
13.32	-3.90647991746664	13.32	-3.05324389971793
13.35	-4.85268580913544	13.35	-2.33377532847226
13.38	-4.22188188135624	13.38	-0.759937828872353
13.41	-4.58234126865864	13.41	0.00449752807617188
13.44	-5.70877685397863	13.44	-0.0854360433295369
13.47	-5.93406397104263	13.47	0.49913217080757
13.5	-5.48348973691463	13.5	2.02800288470462
13.53	-5.66371943056583	13.53	2.29780359892175
13.56	-4.89774323254824	13.56	3.51190681289881
13.59	-5.16808777302504	13.59	3.60184038430452
13.62	-4.31199672818184	13.62	4.54614288406447
13.65	-3.59107795357704	13.65	5.35554502671585
13.68	-3.63613537698984	13.68	5.17567788390443
13.71	-3.50096310675144	13.71	5.17567788390443
13.74	-1.56349390000105	13.74	6.3897810978815
13.77	-1.69866617023945	13.77	5.58037895523012
13.8	-0.932689972221851	13.8	5.53541216952726
13.83	-0.617288008332253	13.83	5.08574431249872
13.86	0.103630766272545	13.86	4.81594359828159
13.89	0.824549540877342	13.89	4.36627574125305
13.92	2.26638709008694	13.92	4.86091038398445
13.95	2.44661678373814	13.95	3.46694002719596
13.98	2.71696132421494	13.98	2.61257109884173
14.01	3.48293752223253	14.01	2.38773717032745
14.04	3.84339690953493	14.04	1.62330181337893
14.07	4.83466022461653	14.07	1.17363395635039
14.1	4.69948795437813	14.1	-0.0854360433295369
14.13	4.78960280120373	14.13	-0.714971043169498
14.16	5.15006218850613	14.16	-1.47940640011802
14.19	4.24891372025013	14.19	-3.05324389971793
14.22	4.02362660318613	14.22	-3.81767925666645
14.25	4.47420083731413	14.25	-3.86264604236931
14.28	4.11374145001173	14.28	-4.44721425650641
14.31	2.76201874762774	14.31	-5.79621782759204
14.34	2.26638709008694	14.34	-6.24588568462059
14.37	2.53673163056374	14.37	-5.52641711337492
14.4	1.90592770278454	14.4	-5.93111818470061
14.43	0.914664387702942	14.43	-6.24588568462059
14.46	0.058573342859745	14.46	-6.3358192560263
14.49	-0.662345431745052	14.49	-6.24588568462059
14.52	-1.33820678293705	14.52	-5.93111818470061
14.55	-2.05912555754185	14.55	-5.30158318486065
14.58	-2.55475721508265	14.58	-4.8519153278321
14.61	-1.78878101706505	14.61	-2.96331032831222
14.64	-3.05038887262344	14.64	-2.69350961409509
14.67	-3.05038887262344	14.67	-1.52437318582088
14.7	-2.91521660238504	14.7	-0.355236757546663
14.73	-3.32073341310024	14.73	0.274298242293298
14.76	-3.45590568333864	14.76	1.17363395635039
14.79	-3.90647991746664	14.79	1.80316895619035
14.82	-3.86142249405384	14.82	2.74747145595029
14.85	-3.86142249405384	14.85	3.46694002719596
14.88	-2.78004433214664	14.88	5.22064466960728
14.91	-3.45590568333864	14.91	4.9058771696873
14.94	-3.45590568333864	14.94	5.49044538382441
14.97	-2.10418298095465	14.97	6.74951538350433
15	-2.32947009801865	15	6.47971466928721
15.03	-2.19429782778025	15.03	6.56964824069291
15.06	-0.752460278570652	15.06	7.60388431185857
15.09	-0.932689972221851	15.09	6.79448216920719
15.12	-0.527173161506653	15.12	6.56964824069291
15.15	-0.346943467855454	15.15	5.8951464551501
15.18	0.328917883336544	15.18	5.62534574093297
15.21	0.509147576987743	15.21	4.86091038398445
15.24	1.13995150476694	15.24	4.4112425269559
15.27	1.00477923452854	15.27	3.19713931297883
15.3	1.68064058572054	15.3	2.52263752743602
15.33	1.86087027937174	15.33	1.48840145627037
15.36	1.77075543254614	15.36	0.184364670887589
15.39	1.86087027937174	15.39	-0.849871400278062
15.42	2.04109997302294	15.42	-1.56933997152373
15.45	2.80707617104054	15.45	-1.88410747144371
15.48	2.80707617104054	15.48	-2.7834431855008
15.51	2.17627224326134	15.51	-4.49218104220927
15.54	2.04109997302294	15.54	-5.21164961345494
15.57	1.99604254961014	15.57	-5.88615139899775
15.6	1.68064058572054	15.6	-6.51568639883772
15.63	1.54546831548214	15.63	-6.9203874701634
15.66	1.09489408135414	15.66	-7.4150221128948
15.69	0.599262423813343	15.69	-7.68482282711193
15.72	0.599262423813343	15.72	-7.45998889859766
15.75	0.238803036510944	15.75	-7.32508854148909
15.78	0.058573342859745	15.78	-7.01032104156911
15.81	-0.0765989273786545	15.81	-5.97608497040346
15.84	-0.301886044442654	15.84	-5.3465499705635
15.87	0.193745613098145	15.87	-4.22238032799214
15.9	-0.842575125396252	15.9	-4.13244675658643
15.93	-1.38326420634985	15.93	-3.23311104252934
15.96	-1.29314935952425	15.96	-2.24384175706655
15.99	-1.87889586389065	15.99	-1.43443961441517
16.02	-1.78878101706505	16.02	-0.0854360433295369
16.05	-1.56349390000105	16.05	0.993766813538969
16.08	-0.887632548809052	16.08	2.88237181305885
16.11	-1.24809193611145	16.11	3.8266743128188
16.14	-1.74372359365225	16.14	4.05150824133307
16.17	-1.78878101706505	16.17	4.86091038398445
16.2	-1.78878101706505	16.2	5.58037895523012
16.23	-1.96901071071625	16.23	6.03004681225866
16.26	-1.78878101706505	16.26	6.65958181209862
16.29	-1.60855132341385	16.29	7.06428288342431
16.32	-1.83383844047785	16.32	7.15421645483002
16.35	-1.42832162976265	16.35	7.69381788326427
16.38	-0.932689972221851	16.38	7.55891752615571
16.41	-1.33820678293705	16.41	6.74951538350433
16.44	-1.33820678293705	16.44	6.34481431217864
16.47	-0.166713774204254	16.47	6.79448216920719
16.5	-0.301886044442654	16.5	5.62534574093297
16.53	0.0135159194469452	16.53	5.26561145531014
16.56	0.058573342859745	16.56	4.32130895555019
16.59	-0.482115738093853	16.59	2.38773717032745
16.62	-0.346943467855454	16.62	1.3535010991618
16.65	-0.256828621029854	16.65	0.589065742213279
16.68	-0.301886044442654	16.68	-0.670004257466644
16.71	0.0135159194469452	16.71	-1.83914068574086
16.74	-0.256828621029854	16.74	-2.96331032831222
16.77	0.283860459923744	16.77	-3.50291175674647
16.8	1.04983665794134	16.8	-3.99754639947787
16.83	0.238803036510944	16.83	-5.79621782759204
16.86	0.373975306749344	16.86	-6.29085247032344
16.89	0.193745613098145	16.89	-7.05528782727197
16.92	0.644319847226143	16.92	-6.96535425586626
16.95	0.689377270638943	16.95	-7.54992247000337
16.98	0.824549540877342	16.98	-7.54992247000337
17.01	0.779492117464542	17.01	-7.68482282711193
17.04	0.644319847226143	17.04	-7.54992247000337
17.07	0.824549540877342	17.07	-6.78548711305484
17.1	0.554205000400543	17.1	-6.74052032735199
17.13	0.554205000400543	17.13	-5.97608497040346
17.16	1.09489408135414	17.16	-4.53714782791212
17.19	1.00477923452854	17.19	-4.13244675658643
17.22	1.00477923452854	17.22	-3.05324389971793
17.25	0.869606964290142	17.25	-2.15390818566084
17.28	0.644319847226143	17.28	-1.2096056859009
17.31	0.509147576987743	17.31	-0.130402829032391
17.34	0.419032730162144	17.34	0.90383324213326
17.37	0.058573342859745	17.37	2.11793645611033
17.4	-0.121656350791454	17.4	2.97230538446456
17.43	0.914664387702942	17.43	4.95084395539016
17.46	0.373975306749344	17.46	5.62534574093297
17.49	-0.346943467855454	17.49	5.67031252663583
17.52	-0.527173161506653	17.52	6.29984752647579
17.55	-0.887632548809052	17.55	6.83944895491004
17.58	-1.29314935952425	17.58	6.79448216920719
17.61	-1.56349390000105	17.61	6.9743493120186
17.64	-1.56349390000105	17.64	7.10924966912717
17.67	-1.74372359365225	17.67	7.01931609772146
17.7	-1.83383844047785	17.7	6.74951538350433
17.73	-2.23935525119305	17.73	6.16494716936722
17.76	-2.19429782778025	17.76	6.07501359796152
17.79	-2.41958494484425	17.79	4.86091038398445
17.82	-2.91521660238504	17.82	3.96157466992736
17.85	-2.23935525119305	17.85	3.78170752711594
17.88	-2.55475721508265	17.88	2.25283681321889
17.91	-2.50969979166985	17.91	1.03873359924182
17.94	-2.55475721508265	17.94	0.0944310994818807
17.97	-2.23935525119305	17.97	-0.93980497168377
18	-1.96901071071625	18	-1.7042403286323
18.03	-2.32947009801865	18.03	-3.00827711401507
18.06	-1.15797708928585	18.06	-3.00827711401507
18.09	-0.752460278570652	18.09	-4.04251318518072
18.12	-1.20303451269865	18.12	-5.52641711337492
18.15	-0.977747395634651	18.15	-5.93111818470061
18.18	-0.752460278570652	18.18	-6.65058675594628
18.21	1.00477923452854	18.21	-5.88615139899775
18.24	1.23006635159254	18.24	-6.02105175610632
18.27	0.914664387702942	18.27	-6.78548711305484
18.3	1.90592770278454	18.3	-6.11098532751203
18.33	1.45535346865654	18.33	-7.05528782727197
18.36	2.53673163056374	18.36	-5.79621782759204
18.39	2.17627224326134	18.39	-5.97608497040346
18.42	2.40155936032534	18.42	-5.3465499705635
18.45	2.40155936032534	18.45	-4.62708139931783
18.48	3.48293752223253	18.48	-3.14317747112364
18.51	2.89719101786613	18.51	-2.87337675690651
18.54	2.49167420715094	18.54	-2.19887497136369
18.57	3.57305236905813	18.57	-0.310269971843809
18.6	2.40155936032534	18.6	-0.0854360433295369
18.63	3.30270782858133	18.63	1.66826859908178
18.66	2.40155936032534	18.66	1.89310252759606
18.69	1.95098512619734	18.69	2.74747145595029
18.72	1.63558316230774	18.72	3.69177395571023
18.75	1.41029604524374	18.75	4.54614288406447
18.78	0.464090153574944	18.78	4.77097681257874
18.81	0.869606964290142	18.81	6.34481431217864
18.84	-0.346943467855454	18.84	5.76024609804153
18.87	-1.06786224246025	18.87	6.07501359796152
18.9	-1.02280481904745	18.9	6.83944895491004
18.93	-1.47337905317545	18.93	6.9743493120186
18.96	-2.46464236825705	18.96	6.25488074077293
18.99	-3.00533144921064	18.99	5.8951464551501
19.02	-3.41084825992584	19.02	5.44547859812155
19.05	-3.72625022381544	19.05	4.72601002687588
19.08	-3.81636507064104	19.08	4.50117609836161
19.11	-4.44716899842024	19.11	3.37700645579025
19.14	-4.62739869207144	19.14	2.88237181305885
19.17	-3.99659476429224	19.17	2.56760431313887
19.2	-4.40211157500744	19.2	1.3535010991618
19.23	-4.26693930476904	19.23	0.364231813699007
19.26	-2.96027402579784	19.26	0.364231813699007
19.29	-3.45590568333864	19.29	-1.02973854308948
19.32	-3.41084825992584	19.32	-2.42370889987797
19.35	-3.72625022381544	19.35	-3.72774568526074
19.38	-2.55475721508265	19.38	-3.72774568526074
19.41	-2.87015917897224	19.41	-4.94184889923781
19.44	-0.617288008332253	19.44	-3.86264604236931
19.47	-0.437058314681053	19.47	-5.16668282775208
19.5	1.00477923452854	19.5	-4.31231389939785
19.53	0.959721811115742	19.53	-5.88615139899775
19.56	-0.256828621029854	19.56	-7.14522139867768
19.59	0.779492117464542	19.59	-6.20091889891773
19.62	2.58178905397654	19.62	-5.12171604204923
19.65	4.11374145001173	19.65	-3.99754639947787
19.68	4.47420083731413	19.68	-3.72774568526074
19.71	4.74454537779093	19.71	-3.23311104252934
19.74	2.89719101786613	19.74	-5.16668282775208
19.77	7.22270366549492	19.77	-0.580070686060935
19.8	3.79833948612213	19.8	-3.45794497104362
19.83	7.58316305279732	19.83	1.03873359924182
19.86	1.54546831548214	19.86	-3.59284532815218
19.89	5.46546415239573	19.89	0.634032527916133
19.92	5.82592353969812	19.92	2.70250467024744
19.95	9.20523029565811	19.95	7.24415002623573
19.98	8.21396698057651	19.98	7.33408359764144
20.01	9.79097680002451	20.01	9.94215716840699
20.04	9.16017287224531	20.04	10.3918250254355
20.07	8.88982833176851	20.07	11.1562603823841
20.1	3.52799494564533	20.1	7.01931609772146
20.13	3.70822463929653	20.13	8.18845252599567
20.16	-0.797517701983452	20.16	4.72601002687588
20.19	-1.47337905317545	20.19	4.86091038398445
20.22	-2.32947009801865	20.22	4.86091038398445
20.25	-3.00533144921064	20.25	4.68104324117303
20.28	-3.77130764722824	20.28	4.45620931265876
20.31	-4.44716899842024	20.31	4.14144181273878
20.34	-5.03291550278664	20.34	3.69177395571023
20.37	-5.48348973691463	20.37	3.24210609868169
20.4	-5.79889170080423	20.4	2.79243824165314
20.43	-5.97912139445543	20.43	2.20787002751604
20.46	-6.20440851151943	20.46	1.44343467056751
20.49	-5.84394912421703	20.49	1.26356752775609
20.52	-5.97912139445543	20.52	0.274298242293298
20.55	-5.52854716032743	20.55	-0.2203364004381
20.58	-5.34831746667623	20.58	-0.93980497168377
20.61	-4.80762838572264	20.61	-1.52437318582088
20.64	-3.32073341310024	20.64	-1.25457247160375
20.67	-3.72625022381544	20.67	-2.87337675690651
20.7	-2.78004433214664	20.7	-3.00827711401507
20.73	-1.92395328730345	20.73	-3.32304461393505
20.76	-1.15797708928585	20.76	-3.7727124709636
20.79	-0.256828621029854	20.79	-3.95257961377502
20.82	0.464090153574944	20.82	-4.31231389939785
20.85	1.86087027937174	20.85	-3.45794497104362
20.88	2.08615739643574	20.88	-4.04251318518072
20.91	3.39282267540693	20.91	-3.45794497104362
20.94	3.88845433294773	20.94	-3.72774568526074
20.97	4.65443053096533	20.97	-3.32304461393505
21	4.78960280120373	21	-3.36801139963791
21.03	5.87098096311092	21.03	-2.10894139995798
21.06	6.23144035041332	21.06	-1.65927354292944
21.09	6.00615323334932	21.09	-1.61430675722659
21.12	6.18638292700052	21.12	-1.34450604300946
21.15	5.69075126945972	21.15	-1.02973854308948
21.18	5.42040672898293	21.18	-0.535103900358081
21.21	5.33029188215733	21.21	0.364231813699007
21.24	5.78086611628532	21.24	1.39846788486466
21.27	4.29397114366293	21.27	0.993766813538969
21.3	3.48293752223253	21.3	1.26356752775609
21.33	2.94224844127893	21.33	1.8481357418932
21.36	1.63558316230774	21.36	2.07296967040747
21.39	1.18500892817974	21.39	2.88237181305885
21.42	0.328917883336544	21.42	2.88237181305885
21.45	-0.0315415039658546	21.45	3.64680717000738
21.48	-1.74372359365225	21.48	3.01727217016742
21.51	-2.78004433214664	21.51	2.88237181305885
21.54	-3.09544629603624	21.54	3.60184038430452
21.57	-4.71751353889704	21.57	2.79243824165314
21.6	-5.12303034961224	21.6	2.61257109884173
21.63	-5.93406397104263	21.63	2.25283681321889
21.66	-6.56486789882183	21.66	1.93806931329891
21.69	-7.15061440318823	21.69	1.66826859908178
21.72	-6.20440851151943	21.72	2.38773717032745
21.75	-6.56486789882183	21.75	1.71323538478464
21.78	-7.10555697977543	21.78	0.858866456430405
21.81	-6.97038470953703	21.81	0.454165385104716
21.84	-7.06049955636263	21.84	0.00449752807617188
21.87	-6.56486789882183	21.87	-0.400203543249518
21.9	-5.88900654762983	21.9	-0.580070686060935
21.93	-4.35705415159464	21.93	-0.130402829032391
21.96	-3.18556114286184	21.96	-0.265303186140954
21.99	-2.78004433214664	21.99	-0.984771757386625
22.02	-2.50969979166985	22.02	-1.83914068574086
22.05	-1.56349390000105	22.05	-1.83914068574086
22.08	0.238803036510944	22.08	-1.56933997152373
22.11	0.869606964290142	22.11	-1.97404104284942
22.14	1.81581285595894	22.14	-1.794173900038
22.17	3.30270782858133	22.17	-1.38947282871231
22.2	4.42914341390133	22.2	-1.34450604300946
22.23	5.33029188215733	22.23	-1.2096056859009
22.26	5.37534930557013	22.26	-1.794173900038
22.29	6.18638292700052	22.29	-1.56933997152373
22.32	7.08753139525652	22.32	-0.894838185980916
22.35	6.63695716112852	22.35	-1.56933997152373
22.38	6.77212943136692	22.38	-1.52437318582088
22.41	6.86224427819252	22.41	-1.16463890019804
22.44	6.72707200795412	22.44	-1.02973854308948
22.47	6.23144035041332	22.47	-1.02973854308948
22.5	5.55557899922132	22.5	-0.804904614575207
22.53	5.15006218850613	22.53	-0.535103900358081
22.56	4.42914341390133	22.56	-0.310269971843809
22.59	3.66316721588373	22.59	-0.0854360433295369
22.62	3.84339690953493	22.62	0.723966099321842
22.65	2.22132966667414	22.65	0.319265027996153
22.68	1.13995150476694	22.68	0.409198599401861
22.71	0.0135159194469452	22.71	0.364231813699007
22.74	-1.24809193611145	22.74	0.678999313618988
22.77	-2.37452752143145	22.77	0.454165385104716
22.8	-3.27567598968744	22.8	0.813899670727551
22.83	-3.36579083651304	22.83	1.44343467056751
22.86	-4.22188188135624	22.86	1.53336824197322
22.89	-5.61866200715303	22.89	0.948800027836114
22.92	-6.29452335834503	22.92	0.948800027836114
22.95	-7.19567182660103	22.95	0.768932885024697
22.98	-7.28578667342663	22.98	1.21860074205324
23.01	-7.37590152025223	23.01	1.03873359924182
23.04	-7.64624606072903	23.04	0.858866456430405
23.07	-7.87153317779303	23.07	0.678999313618988
23.1	-7.19567182660103	23.1	1.03873359924182
23.13	-6.83521243929863	23.13	0.90383324213326
23.16	-6.51981047540903	23.16	0.993766813538969
23.19	-5.03291550278664	23.19	1.66826859908178
23.22	-4.94280065596104	23.22	0.678999313618988
23.25	-4.13176703453064	23.25	0.544098956510425
23.28	-3.45590568333864	23.28	0.274298242293298
23.31	-2.50969979166985	23.31	0.229331456590444
23.34	-0.301886044442654	23.34	1.08370038494468
23.37	0.103630766272545	23.37	0.364231813699007
23.4	0.599262423813343	23.4	0.0494643137790263
23.43	1.99604254961014	23.43	0.274298242293298
23.46	3.66316721588373	23.46	0.49913217080757
23.49	4.42914341390133	23.49	0.274298242293298
23.52	4.60937310755253	23.52	-0.535103900358081
23.55	5.15006218850613	23.55	-0.445170328952372
23.58	6.00615323334932	23.58	-0.400203543249518
23.61	6.09626808017492	23.61	-0.849871400278062
23.64	6.45672746747732	23.64	-1.25457247160375
23.67	6.45672746747732	23.67	-1.52437318582088
23.7	7.53810562938452	23.7	-0.490137114655226
23.73	6.36661262065172	23.73	-1.47940640011802
23.76	6.68201458454132	23.76	-0.93980497168377
23.79	6.72707200795412	23.79	-0.804904614575207
23.82	5.33029188215733	23.82	-1.74920711433515
23.85	5.10500476509333	23.85	-1.38947282871231
23.88	3.79833948612213	23.88	-1.83914068574086
23.91	2.80707617104054	23.91	-1.92907425714657
23.94	1.99604254961014	23.94	-1.43443961441517
23.97	0.509147576987743	23.97	-2.01900782855228
24	-0.0315415039658546	24	-1.29953925730661
24.03	-1.29314935952425	24.03	-1.34450604300946
24.06	-1.51843647658825	24.06	-0.580070686060935
24.09	-3.05038887262344	24.09	-1.11967211449519
24.12	-4.08670961111784	24.12	-1.07470532879233
24.15	-5.21314519643784	24.15	-0.804904614575207
24.18	-4.80762838572264	24.18	0.139397885184735
24.21	-6.20440851151943	24.21	-0.265303186140954
24.24	-6.79015501588583	24.24	0.274298242293298
24.27	-6.11429366469383	24.27	1.26356752775609
24.3	-7.06049955636263	24.3	0.858866456430405
24.33	-7.33084409683943	24.33	0.90383324213326
24.36	-7.46601636707783	24.36	1.21860074205324
24.39	-7.01544213294983	24.39	1.80316895619035
24.42	-5.57360458374023	24.42	2.74747145595029
24.45	-5.97912139445543	24.45	2.43270395603031
24.48	-5.70877685397863	24.48	2.07296967040747
24.51	-4.85268580913544	24.51	2.38773717032745
24.54	-4.08670961111784	24.54	2.38773717032745
24.57	-2.05912555754185	24.57	3.46694002719596
24.6	-2.01406813412905	24.6	2.43270395603031
24.63	-1.20303451269865	24.63	2.43270395603031
24.66	0.824549540877342	24.66	3.24210609868169
24.69	1.23006635159254	24.69	2.70250467024744
24.72	2.62684647738934	24.72	2.79243824165314
24.75	2.44661678373814	24.75	1.44343467056751
24.78	4.42914341390133	24.78	2.20787002751604
24.81	4.11374145001173	24.81	0.768932885024697
24.84	4.51925826072693	24.84	0.319265027996153
24.87	5.33029188215733	24.87	-0.0404692576266825
24.9	5.42040672898293	24.9	-0.535103900358081
24.93	5.55557899922132	24.93	-1.02973854308948
24.96	6.95235912501812	24.96	-0.355236757546663
24.99	5.64569384604692	24.99	-1.88410747144371
25.02	6.68201458454132	25.02	-1.34450604300946
25.05	5.60063642263412	25.05	-2.64854282839224
25.08	4.74454537779093	25.08	-3.05324389971793
25.11	5.15006218850613	25.11	-2.37874211417511
25.14	4.65443053096533	25.14	-2.73847639979795
25.17	4.06868402659893	25.17	-2.82840997120366
25.2	2.44661678373814	25.2	-3.7727124709636
25.23	1.32018119841814	25.23	-3.99754639947787
25.26	0.464090153574944	25.26	-4.04251318518072
25.29	-0.617288008332253	25.29	-3.90761282807216
25.32	-0.662345431745052	25.32	-2.82840997120366
25.35	-2.05912555754185	25.35	-3.09821068542078
25.38	-2.59981463849545	25.38	-2.73847639979795
25.41	-3.36579083651304	25.41	-1.92907425714657
25.44	-3.99659476429224	25.44	-1.794173900038
25.47	-4.62739869207144	25.47	-1.25457247160375
25.5	-4.94280065596104	25.5	-0.62503747176379
25.53	-5.79889170080423	25.53	-0.535103900358081
25.56	-6.33958078175783	25.56	-0.0404692576266825
25.59	-5.70877685397863	25.59	1.44343467056751
25.62	-6.20440851151943	25.62	1.44343467056751
25.65	-6.51981047540903	25.65	1.71323538478464
25.68	-5.75383427739143	25.68	2.56760431313887
25.71	-5.39337489008903	25.71	3.06223895587027
25.74	-5.03291550278664	25.74	3.69177395571023
25.77	-3.59107795357704	25.77	4.72601002687588
25.8	-3.86142249405384	25.8	3.96157466992736
25.83	-3.41084825992584	25.83	4.09647502703592
25.86	-2.41958494484425	25.86	4.32130895555019
25.89	-1.87889586389065	25.89	4.36627574125305
25.92	-0.797517701983452	25.92	4.63607645547017
25.95	0.869606964290142	25.95	5.08574431249872
25.98	1.13995150476694	25.98	4.27634216984734
26.01	1.36523862183094	26.01	3.42197324149311
26.04	3.12247813493013	26.04	3.96157466992736
26.07	2.94224844127893	26.07	2.61257109884173
26.1	3.12247813493013	26.1	2.02800288470462
26.13	4.24891372025013	26.13	1.71323538478464
26.16	4.02362660318613	26.16	0.49913217080757
26.19	4.29397114366293	26.19	0.0494643137790263
26.22	4.83466022461653	26.22	-0.670004257466644
26.25	5.05994734168053	26.25	-1.2096056859009
26.28	4.78960280120373	26.28	-2.10894139995798
26.31	4.69948795437813	26.31	-2.64854282839224
26.34	4.56431568413973	26.34	-3.18814425682649
26.37	4.29397114366293	26.37	-3.41297818534076
26.4	4.33902856707573	26.4	-3.63781211385503
26.43	3.75328206270933	26.43	-4.04251318518072
26.46	2.49167420715094	26.46	-5.07674925634638
26.49	1.68064058572054	26.49	-5.48145032767206
26.52	1.72569800913334	26.52	-4.71701497072354
26.55	1.27512377500534	26.55	-4.62708139931783
26.58	0.148688189685345	26.58	-4.98681568494067
26.61	-0.0315415039658546	26.61	-4.22238032799214
26.64	-1.56349390000105	26.64	-4.8519153278321
26.67	-2.14924040436745	26.67	-4.267347113695
26.7	-2.78004433214664	26.7	-3.81767925666645
26.73	-3.45590568333864	26.73	-3.23311104252934
26.76	-3.99659476429224	26.76	-2.42370889987797
26.79	-4.08670961111784	26.79	-1.34450604300946
26.82	-4.22188188135624	26.82	-0.355236757546663
26.85	-4.58234126865864	26.85	-0.0854360433295369
26.88	-4.94280065596104	26.88	0.634032527916133
26.91	-4.76257096230984	26.91	1.89310252759606
26.94	-3.77130764722824	26.94	3.28707288438454
26.97	-4.17682445794344	26.97	3.37700645579025
27	-4.44716899842024	27	3.64680717000738
27.03	-4.08670961111784	27.03	4.27634216984734
27.06	-2.41958494484425	27.06	5.98508002655581
27.09	-2.82510175555944	27.09	5.49044538382441
27.12	-2.32947009801865	27.12	5.76024609804153
27.15	-1.65360874682665	27.15	6.11998038366437
27.18	-1.56349390000105	27.18	5.62534574093297
27.21	-1.11291966587305	27.21	5.58037895523012
27.24	-0.211771197617054	27.24	5.62534574093297
27.27	0.419032730162144	27.27	5.31057824101299
27.3	0.869606964290142	27.3	4.77097681257874
27.33	2.04109997302294	27.33	4.9058771696873
27.36	1.72569800913334	27.36	3.42197324149311
27.39	2.22132966667414	27.39	2.79243824165314
27.42	2.31144451349974	27.42	1.80316895619035
27.45	2.49167420715094	27.45	1.21860074205324
27.48	2.85213359445333	27.48	0.184364670887589
27.51	2.94224844127893	27.51	-0.714971043169498
27.54	2.76201874762774	27.54	-1.88410747144371
27.57	3.75328206270933	27.57	-1.65927354292944
27.6	2.89719101786613	27.6	-3.45794497104362
27.63	2.76201874762774	27.63	-4.08747997088358
27.66	3.16753555834293	27.66	-3.95257961377502
27.69	2.67190390080214	27.69	-5.07674925634638
27.72	2.53673163056374	27.72	-5.43648354196921
27.75	2.04109997302294	27.75	-5.88615139899775
27.78	1.18500892817974	27.78	-6.65058675594628
27.81	0.959721811115742	27.81	-6.51568639883772
27.84	0.509147576987743	27.84	-6.51568639883772
27.87	0.0135159194469452	27.87	-6.42575282743201
27.9	-0.572230584919453	27.9	-6.24588568462059
27.93	-1.02280481904745	27.93	-5.66131747048348
27.96	-1.38326420634985	27.96	-5.03178247064352
27.99	-0.437058314681053	27.99	-3.32304461393505
28.02	-1.69866617023945	28.02	-3.50291175674647
28.05	-2.37452752143145	28.05	-2.82840997120366
28.08	-2.14924040436745	28.08	-1.7042403286323
28.11	-1.74372359365225	28.11	-0.310269971843809
28.14	-2.32947009801865	28.14	0.274298242293298
28.17	-2.55475721508265	28.17	1.08370038494468
28.2	-2.82510175555944	28.2	1.80316895619035
28.23	-2.50969979166985	28.23	3.06223895587027
28.26	-2.46464236825705	28.26	3.87164109852165
28.29	-2.46464236825705	28.29	4.50117609836161
28.32	-2.23935525119305	28.32	5.67031252663583
28.35	-2.05912555754185	28.35	5.80521288374439
28.38	-2.23935525119305	28.38	6.11998038366437
28.41	-1.96901071071625	28.41	6.3897810978815
28.44	-0.797517701983452	28.44	7.42401716904715
28.47	-1.42832162976265	28.47	6.43474788358435
28.5	-0.797517701983452	28.5	6.9743493120186
28.53	-0.617288008332253	28.53	6.43474788358435
28.56	-0.752460278570652	28.56	5.58037895523012
28.59	-0.437058314681053	28.59	5.08574431249872
28.62	0.0135159194469452	28.62	4.59110966976732
28.65	-0.256828621029854	28.65	3.51190681289881
28.68	0.058573342859745	28.68	2.88237181305885
28.71	0.148688189685345	28.71	1.93806931329891
28.74	0.419032730162144	28.74	0.858866456430405
28.77	0.914664387702942	28.77	0.544098956510425
28.8	1.59052573889494	28.8	-0.175369614735246
28.83	1.90592770278454	28.83	-1.02973854308948
28.86	1.41029604524374	28.86	-2.19887497136369
28.89	0.824549540877342	28.89	-3.54787854244933
28.92	1.18500892817974	28.92	-4.40224747080356
28.95	0.644319847226143	28.95	-5.70628425618634
28.98	0.554205000400543	28.98	-6.24588568462059
29.01	0.779492117464542	29.01	-6.24588568462059
29.04	0.779492117464542	29.04	-6.56065318454057
29.07	1.04983665794134	29.07	-6.69555354164913
29.1	0.644319847226143	29.1	-7.28012175578624
29.13	0.869606964290142	29.13	-6.78548711305484
29.16	0.283860459923744	29.16	-7.10025461297482
29.19	-0.121656350791454	29.19	-6.87542068446055
29.22	1.45535346865654	29.22	-4.8519153278321
29.25	0.148688189685345	29.25	-4.98681568494067
29.28	0.554205000400543	29.28	-4.08747997088358
29.31	-0.256828621029854	29.31	-3.90761282807216
29.34	-0.346943467855454	29.34	-2.69350961409509
29.37	-1.02280481904745	29.37	-2.37874211417511
29.4	0.959721811115742	29.4	0.589065742213279
29.43	-0.0315415039658546	29.43	0.768932885024697
29.46	-0.752460278570652	29.46	1.08370038494468
29.49	0.103630766272545	29.49	3.24210609868169
29.52	-0.482115738093853	29.52	3.42197324149311
29.55	-0.211771197617054	29.55	4.36627574125305
29.58	-0.752460278570652	29.58	4.81594359828159
29.61	-1.15797708928585	29.61	5.4005118124187
29.64	-0.437058314681053	29.64	6.56964824069291
29.67	-1.38326420634985	29.67	6.47971466928721
29.7	-0.977747395634651	29.7	6.79448216920719
29.73	-0.752460278570652	29.73	7.24415002623573
29.76	0.058573342859745	29.76	7.73878466896713
29.79	-2.50969979166985	29.79	5.67031252663583
29.82	-2.01406813412905	29.82	5.85017966944724
29.85	-2.28441267460585	29.85	4.72601002687588
29.88	-1.42832162976265	29.88	6.03004681225866
29.91	-2.28441267460585	29.91	3.96157466992736
29.94	-3.63613537698984	29.94	1.71323538478464
29.97	-1.02280481904745	29.97	3.42197324149311
30	-2.55475721508265	30	0.993766813538969
30.03	-3.05038887262344	30.03	-1.02973854308948
30.06	-4.40211157500744	30.06	-4.40224747080356
30.09	-3.59107795357704	30.09	-3.09821068542078
30.12	-2.14924040436745	30.12	-2.33377532847226
30.15	10.9174123853445	30.15	9.0428214543499
30.18	7.98867986351252	30.18	4.95084395539016
30.21	3.39282267540693	30.21	-0.535103900358081
30.24	2.26638709008694	30.24	-2.64854282839224
30.27	3.12247813493013	30.27	-2.55860925698653
30.3	0.283860459923744	30.3	-6.11098532751203
30.33	0.283860459923744	30.33	-6.69555354164913
30.36	0.554205000400543	30.36	-6.8304538987577
30.39	0.824549540877342	30.39	-6.87542068446055
30.42	1.04983665794134	30.42	-6.74052032735199
30.45	1.23006635159254	30.45	-6.47071961313486
30.48	1.41029604524374	30.48	-6.06601854180917
30.51	1.63558316230774	30.51	-5.52641711337492
30.54	1.63558316230774	30.54	-4.98681568494067
30.57	1.77075543254614	30.57	-4.22238032799214
30.6	1.86087027937174	30.6	-3.32304461393505
30.63	1.81581285595894	30.63	-2.46867568558082
30.66	1.86087027937174	30.66	-1.47940640011802
30.69	1.72569800913334	30.69	-0.535103900358081
30.72	1.95098512619734	30.72	0.589065742213279
30.75	1.50041089206934	30.75	1.21860074205324
30.78	1.36523862183094	30.78	2.20787002751604
30.81	1.00477923452854	30.81	2.92733859876171
30.84	0.464090153574944	30.84	3.69177395571023
30.87	0.103630766272545	30.87	4.36627574125305
30.9	-0.301886044442654	30.9	4.95084395539016
30.93	-0.527173161506653	30.93	5.67031252663583
30.96	-0.392000891268253	30.96	6.43474788358435
30.99	-1.11291966587305	30.99	6.3897810978815
31.02	-0.437058314681053	31.02	7.19918324053288
31.05	-1.87889586389065	31.05	6.34481431217864
31.08	-2.14924040436745	31.08	5.98508002655581
31.11	-1.92395328730345	31.11	6.20991395507008
31.14	-2.78004433214664	31.14	5.17567788390443
31.17	-3.09544629603624	31.17	4.95084395539016
31.2	-2.37452752143145	31.2	4.95084395539016
31.23	-2.68992948532104	31.23	3.87164109852165
31.26	-3.32073341310024	31.26	2.56760431313887
31.29	-3.77130764722824	31.29	1.39846788486466
31.32	-3.45590568333864	31.32	0.634032527916133
31.35	-3.50096310675144	31.35	-0.0854360433295369
31.38	-2.41958494484425	31.38	-0.130402829032391
31.41	-2.28441267460585	31.41	-1.29953925730661
31.44	-2.32947009801865	31.44	-2.10894139995798
31.47	-1.47337905317545	31.47	-2.60357604268938
31.5	-1.33820678293705	31.5	-3.63781211385503
31.53	-1.47337905317545	31.53	-4.80694854212925
31.56	-1.24809193611145	31.56	-5.48145032767206
31.59	-0.797517701983452	31.59	-5.88615139899775
31.62	-0.346943467855454	31.62	-6.15595211321488
31.65	1.32018119841814	31.65	-5.30158318486065
31.68	1.23006635159254	31.68	-5.8411846132949
31.71	1.54546831548214	31.71	-5.88615139899775
31.74	2.62684647738934	31.74	-5.12171604204923
31.77	2.44661678373814	31.77	-5.30158318486065
31.8	2.85213359445333	31.8	-4.89688211353496
31.83	3.12247813493013	31.83	-4.31231389939785
31.86	3.21259298175573	31.86	-3.81767925666645
31.89	4.42914341390133	31.89	-2.10894139995798
31.92	4.15879887342453	31.92	-1.52437318582088
31.95	3.97856917977333	31.95	-1.11967211449519
31.98	3.66316721588373	31.98	-0.490137114655226
32.01	3.43788009881973	32.01	0.184364670887589
32.04	3.07742071151733	32.04	0.90383324213326
32.07	2.58178905397654	32.07	1.57833502767608
32.1	2.17627224326134	32.1	2.52263752743602
32.13	2.76201874762774	32.13	4.05150824133307
32.16	1.41029604524374	32.16	3.69177395571023
32.19	0.689377270638943	32.19	4.00654145563021
32.22	0.193745613098145	32.22	4.50117609836161
32.25	-0.256828621029854	32.25	5.26561145531014
32.28	-0.977747395634651	32.28	5.35554502671585
32.31	-1.47337905317545	32.31	5.58037895523012
32.34	-2.28441267460585	32.34	4.99581074109301
32.37	-2.82510175555944	32.37	4.81594359828159
32.4	-3.23061856627464	32.4	4.68104324117303
32.43	-4.04165218770504	32.43	4.09647502703592
32.46	-4.44716899842024	32.46	3.9166078842245
32.49	-3.99659476429224	32.49	4.09647502703592
32.52	-4.67245611548424	32.52	2.97230538446456
32.55	-5.03291550278664	32.55	2.02800288470462
32.58	-4.71751353889704	32.58	1.75820217048749
32.61	-5.03291550278664	32.61	0.723966099321842
32.64	-5.25820261985064	32.64	-0.355236757546663
32.67	-5.07797292619944	32.67	-0.93980497168377
32.7	-4.71751353889704	32.7	-1.74920711433515
32.73	-3.72625022381544	32.73	-1.61430675722659
32.76	-2.68992948532104	32.76	-1.88410747144371
32.79	-2.64487206190825	32.79	-3.00827711401507
32.82	-2.19429782778025	32.82	-3.59284532815218
32.85	-1.87889586389065	32.85	-4.17741354228929
32.88	-1.06786224246025	32.88	-4.58211461361498
32.91	0.509147576987743	32.91	-3.81767925666645
32.94	0.869606964290142	32.94	-4.267347113695
32.97	1.18500892817974	32.97	-4.89688211353496
33	2.85213359445333	33	-3.7727124709636
33.03	2.89719101786613	33.03	-4.04251318518072
33.06	3.70822463929653	33.06	-3.54787854244933
33.09	4.33902856707573	33.09	-3.09821068542078
33.12	4.24891372025013	33.12	-3.14317747112364
33.15	4.33902856707573	33.15	-2.96331032831222
33.18	5.55557899922132	33.18	-1.56933997152373
33.21	5.19511961191893	33.21	-1.7042403286323
33.24	5.37534930557013	33.24	-0.670004257466644
33.27	5.51052157580852	33.27	0.139397885184735
33.3	5.69075126945972	33.3	0.723966099321842
33.33	4.60937310755253	33.33	0.678999313618988
33.36	4.60937310755253	33.36	1.57833502767608
33.39	3.57305236905813	33.39	1.75820217048749
33.42	2.89719101786613	33.42	2.02800288470462
33.45	2.26638709008694	33.45	2.52263752743602
33.48	1.95098512619734	33.48	3.64680717000738
33.51	1.45535346865654	33.51	4.05150824133307
33.54	-0.166713774204254	33.54	3.28707288438454
33.57	-1.20303451269865	33.57	3.3320396700874
33.6	-2.05912555754185	33.6	3.37700645579025
33.63	-1.87889586389065	33.63	4.36627574125305
33.66	-3.41084825992584	33.66	3.42197324149311
33.69	-4.08670961111784	33.69	3.19713931297883
33.72	-4.76257096230984	33.72	2.92733859876171
33.75	-5.39337489008903	33.75	2.56760431313887
33.78	-5.84394912421703	33.78	2.25283681321889
33.81	-5.48348973691463	33.81	2.65753788454458
33.84	-6.33958078175783	33.84	1.71323538478464
33.87	-5.79889170080423	33.87	1.53336824197322
33.9	-5.70877685397863	33.9	1.12866717064753
33.93	-5.34831746667623	33.93	0.993766813538969
33.96	-5.52854716032743	33.96	0.229331456590444
33.99	-5.66371943056583	33.99	-0.93980497168377
34.02	-4.80762838572264	34.02	-1.2096056859009
34.05	-4.53728384524584	34.05	-1.7042403286323
34.08	-3.32073341310024	34.08	-1.43443961441517
34.11	-2.37452752143145	34.11	-1.65927354292944
34.14	-1.42832162976265	34.14	-2.10894139995798
34.17	-0.932689972221851	34.17	-2.60357604268938
34.2	-0.211771197617054	34.2	-2.73847639979795
34.23	0.914664387702942	34.23	-2.55860925698653
34.26	2.62684647738934	34.26	-2.15390818566084
34.29	2.67190390080214	34.29	-2.7834431855008
34.32	3.39282267540693	34.32	-2.87337675690651
34.35	4.20385629683733	34.35	-2.55860925698653
34.38	4.33902856707573	34.38	-2.60357604268938
34.41	6.09626808017492	34.41	-1.34450604300946
34.44	5.55557899922132	34.44	-1.7042403286323
34.47	5.82592353969812	34.47	-1.83914068574086
34.5	5.91603838652372	34.5	-1.56933997152373
34.53	5.91603838652372	34.53	-1.2096056859009
34.56	6.00615323334932	34.56	-0.714971043169498
34.59	5.37534930557013	34.59	-0.714971043169498
34.62	6.05121065676212	34.62	0.723966099321842
34.65	4.74454537779093	34.65	0.184364670887589
34.68	4.60937310755253	34.68	0.90383324213326
34.71	3.39282267540693	34.71	0.678999313618988
34.74	2.26638709008694	34.74	0.678999313618988
34.77	1.23006635159254	34.77	0.858866456430405
34.8	0.509147576987743	34.8	1.03873359924182
34.83	0.373975306749344	34.83	2.20787002751604
34.86	-0.527173161506653	34.86	2.38773717032745
34.89	-2.01406813412905	34.89	1.66826859908178
34.92	-2.96027402579784	34.92	1.66826859908178
34.95	-3.95153734087944	34.95	1.53336824197322
34.98	-4.85268580913544	34.98	1.39846788486466
35.01	-4.44716899842024	35.01	2.43270395603031
35.04	-5.97912139445543	35.04	1.39846788486466
35.07	-6.24946593493223	35.07	1.71323538478464
35.1	-6.70004016906023	35.1	1.26356752775609
35.13	-7.24072925001383	35.13	0.813899670727551
35.16	-7.06049955636263	35.16	0.768932885024697
35.19	-6.02417881786823	35.19	1.62330181337893
35.22	-5.79889170080423	35.22	1.3535010991618
35.25	-6.33958078175783	35.25	0.364231813699007
35.28	-5.75383427739143	35.28	0.589065742213279
35.31	-4.49222642183304	35.31	0.90383324213326
35.34	-4.40211157500744	35.34	-0.0404692576266825
35.37	-3.54602053016424	35.37	-0.175369614735246
35.4	-2.68992948532104	35.4	-0.310269971843809
35.43	-1.02280481904745	35.43	0.139397885184735
35.46	-0.797517701983452	35.46	-0.580070686060935
35.49	0.238803036510944	35.49	-0.670004257466644
35.52	1.13995150476694	35.52	-0.894838185980916
35.55	1.63558316230774	35.55	-1.07470532879233
35.58	2.85213359445333	35.58	-0.849871400278062
35.61	3.75328206270933	35.61	-0.759937828872353
35.64	5.19511961191893	35.64	-0.310269971843809
35.67	5.46546415239573	35.67	-0.580070686060935
35.7	6.50178489089012	35.7	-0.310269971843809
35.73	6.32155519723892	35.73	-0.93980497168377
35.76	6.32155519723892	35.76	-1.16463890019804
35.79	5.96109580993652	35.79	-1.43443961441517
35.82	7.17764624208212	35.82	-0.355236757546663
35.85	6.05121065676212	35.85	-1.29953925730661
35.88	5.51052157580852	35.88	-1.38947282871231
35.91	6.14132550358772	35.91	-0.400203543249518
35.94	5.64569384604692	35.94	-0.310269971843809
35.97	4.02362660318613	35.97	-1.02973854308948
36	2.98730586469173	36	-1.2096056859009
36.03	2.26638709008694	36.03	-0.759937828872353
36.06	2.22132966667414	36.06	-0.2203364004381
36.09	1.00477923452854	36.09	-0.355236757546663
36.12	-0.301886044442654	36.12	-0.265303186140954
36.15	-0.887632548809052	36.15	-0.0404692576266825
36.18	-2.32947009801865	36.18	-0.400203543249518
36.21	-3.50096310675144	36.21	-0.310269971843809
36.24	-4.17682445794344	36.24	0.0494643137790263
36.27	-4.04165218770504	36.27	0.90383324213326
36.3	-5.07797292619944	36.3	0.544098956510425
36.33	-5.39337489008903	36.33	0.948800027836114
36.36	-5.61866200715303	36.36	1.39846788486466
36.39	-6.02417881786823	36.39	1.30853431345895
36.42	-6.74509759247303	36.42	1.26356752775609
36.45	-6.56486789882183	36.45	1.57833502767608
36.48	-6.56486789882183	36.48	1.30853431345895
36.51	-6.88026986271143	36.51	0.993766813538969
36.54	-6.56486789882183	36.54	1.03873359924182
36.57	-5.52854716032743	36.57	1.53336824197322
36.6	-4.76257096230984	36.6	1.66826859908178
36.63	-4.40211157500744	36.63	1.3535010991618
36.66	-3.77130764722824	36.66	1.26356752775609
36.69	-2.82510175555944	36.69	1.21860074205324
36.72	-1.69866617023945	36.72	1.30853431345895
36.75	-0.572230584919453	36.75	1.75820217048749
36.78	0.058573342859745	36.78	1.30853431345895
36.81	1.63558316230774	36.81	1.44343467056751
36.84	1.99604254961014	36.84	0.723966099321842
36.87	2.62684647738934	36.87	0.634032527916133
36.9	3.34776525199413	36.9	0.364231813699007
36.93	4.47420083731413	36.93	0.589065742213279
36.96	5.55557899922132	36.96	0.723966099321842
36.99	5.37534930557013	36.99	-0.445170328952372
37.02	5.60063642263412	37.02	-0.804904614575207
37.05	6.00615323334932	37.05	-0.759937828872353
37.08	6.05121065676212	37.08	-1.16463890019804
37.11	6.59189973771572	37.11	-0.62503747176379
37.14	5.33029188215733	37.14	-1.97404104284942
37.17	4.96983249485493	37.17	-2.33377532847226
37.2	5.01488991826773	37.2	-2.19887497136369
37.23	4.51925826072693	37.23	-2.01900782855228
37.26	4.06868402659893	37.26	-1.88410747144371
37.29	3.39282267540693	37.29	-1.97404104284942
37.32	1.81581285595894	37.32	-2.82840997120366
37.35	1.09489408135414	37.35	-2.91834354260936
37.38	-0.0765989273786545	37.38	-3.00827711401507
37.41	-0.166713774204254	37.41	-2.37874211417511
37.44	-1.33820678293705	37.44	-2.37874211417511
37.47	-2.37452752143145	37.47	-2.2888085427694
37.5	-2.55475721508265	37.5	-1.25457247160375
37.53	-3.68119280040264	37.53	-1.47940640011802
37.56	-4.58234126865864	37.56	-1.34450604300946
37.59	-5.30326004326344	37.59	-1.07470532879233
37.62	-5.57360458374023	37.62	-0.580070686060935
37.65	-6.20440851151943	37.65	-0.310269971843809
37.68	-6.42969562858343	37.68	0.0944310994818807
37.71	-6.06923624128103	37.71	1.08370038494468
37.74	-6.51981047540903	37.74	0.858866456430405
37.77	-6.20440851151943	37.77	1.89310252759606
37.8	-5.16808777302504	37.8	2.65753788454458
37.83	-5.16808777302504	37.83	2.74747145595029
37.86	-4.94280065596104	37.86	2.65753788454458
37.89	-4.62739869207144	37.89	3.01727217016742
37.92	-3.95153734087944	37.92	2.88237181305885
37.95	-3.54602053016424	37.95	2.65753788454458
37.98	-1.78878101706505	37.98	3.8266743128188
38.01	-1.11291966587305	38.01	3.3320396700874
38.04	-0.256828621029854	38.04	3.64680717000738
38.07	0.328917883336544	38.07	3.19713931297883
38.1	1.04983665794134	38.1	2.65753788454458
38.13	1.54546831548214	38.13	2.52263752743602
38.16	2.13121481984854	38.16	1.93806931329891
38.19	3.48293752223253	38.19	1.80316895619035
38.22	4.33902856707573	38.22	1.8481357418932
38.25	3.57305236905813	38.25	0.184364670887589
38.28	4.47420083731413	38.28	0.274298242293298
38.31	5.46546415239573	38.31	-0.175369614735246
38.34	4.20385629683733	38.34	-1.2096056859009
38.37	5.01488991826773	38.37	-0.984771757386625
38.4	3.79833948612213	38.4	-2.37874211417511
38.43	5.82592353969812	38.43	-2.15390818566084
38.46	3.84339690953493	38.46	-3.59284532815218
38.49	5.42040672898293	38.49	-2.37874211417511
38.52	5.33029188215733	38.52	-2.15390818566084
38.55	5.15006218850613	38.55	-2.15390818566084
38.58	1.23006635159254	38.58	-5.30158318486065
38.61	7.89856501668692	38.61	1.89310252759606
38.64	5.96109580993652	38.64	0.768932885024697
38.67	9.34040256589651	38.67	4.54614288406447
38.7	8.48431152105331	38.7	4.77097681257874
38.73	3.93351175636053	38.73	1.08370038494468
38.76	-1.06786224246025	38.76	-2.73847639979795
38.79	-2.50969979166985	38.79	-3.18814425682649
38.82	-3.14050371944904	38.82	-2.82840997120366
38.85	-3.63613537698984	38.85	-2.19887497136369
38.88	-4.13176703453064	38.88	-1.74920711433515
38.91	-4.49222642183304	38.91	-0.984771757386625
38.94	-4.80762838572264	38.94	-0.355236757546663
38.97	-4.89774323254824	38.97	0.454165385104716
39	-4.89774323254824	39	1.21860074205324
39.03	-4.58234126865864	39.03	2.02800288470462
39.06	-4.76257096230984	39.06	2.43270395603031
39.09	-4.58234126865864	39.09	2.97230538446456
39.12	-4.31199672818184	39.12	3.42197324149311
39.15	-3.81636507064104	39.15	4.00654145563021
39.18	-2.64487206190825	39.18	5.31057824101299
39.21	-2.37452752143145	39.21	5.4005118124187
39.24	-2.28441267460585	39.24	4.81594359828159
39.27	-1.65360874682665	39.27	4.95084395539016
39.3	-1.15797708928585	39.3	4.81594359828159
39.33	-0.887632548809052	39.33	4.54614288406447
39.36	0.148688189685345	39.36	4.9058771696873
39.39	0.283860459923744	39.39	3.9166078842245
39.42	2.08615739643574	39.42	4.59110966976732
39.45	1.45535346865654	39.45	3.06223895587027
39.48	2.58178905397654	39.48	3.24210609868169
39.51	3.34776525199413	39.51	2.88237181305885
39.54	3.03236328810453	39.54	1.30853431345895
39.57	2.94224844127893	39.57	0.544098956510425
39.6	3.03236328810453	39.6	-0.400203543249518
39.63	3.66316721588373	39.63	-0.849871400278062
39.66	3.52799494564533	39.66	-1.74920711433515
39.69	4.33902856707573	39.69	-1.61430675722659
39.72	3.43788009881973	39.72	-3.05324389971793
39.75	3.16753555834293	39.75	-3.72774568526074
39.78	2.94224844127893	39.78	-4.267347113695
39.81	3.30270782858133	39.81	-4.08747997088358
39.84	2.26638709008694	39.84	-4.80694854212925
39.87	2.08615739643574	39.87	-4.89688211353496
39.9	1.99604254961014	39.9	-4.80694854212925
39.93	0.734434694051743	39.93	-5.70628425618634
39.96	-0.121656350791454	39.96	-5.79621782759204
39.99	-0.121656350791454	39.99	-4.98681568494067
40.02	0.058573342859745	40.02	-4.3572806851007
40.05	-1.20303451269865	40.05	-4.71701497072354
40.08	-2.05912555754185	40.08	-4.49218104220927
40.11	-1.69866617023945	40.11	-2.96331032831222
40.14	-2.37452752143145	40.14	-2.7834431855008
40.17	-1.92395328730345	40.17	-1.25457247160375
40.2	-2.10418298095465	40.2	-0.535103900358081
40.23	-3.14050371944904	40.23	-0.535103900358081
40.26	-3.27567598968744	40.26	0.319265027996153
40.29	-3.68119280040264	40.29	1.08370038494468
40.32	-3.63613537698984	40.32	1.89310252759606
40.35	-2.96027402579784	40.35	3.10720574157313
40.38	-3.05038887262344	40.38	3.55687359860167
40.41	-2.82510175555944	40.41	4.23137538414449
40.44	-2.64487206190825	40.44	4.77097681257874
40.47	-2.68992948532104	40.47	4.99581074109301
40.5	-2.46464236825705	40.5	5.4005118124187
40.53	-2.14924040436745	40.53	5.58037895523012
40.56	-1.74372359365225	40.56	5.85017966944724
40.59	-0.256828621029854	40.59	6.70454859780148
40.62	-0.797517701983452	40.62	5.62534574093297
40.65	-0.527173161506653	40.65	5.26561145531014
40.68	0.0135159194469452	40.68	5.4005118124187
40.71	0.103630766272545	40.71	4.59110966976732
40.74	0.373975306749344	40.74	4.00654145563021
40.77	0.824549540877342	40.77	3.06223895587027
40.8	0.914664387702942	40.8	2.20787002751604
40.83	1.45535346865654	40.83	1.57833502767608
40.86	1.36523862183094	40.86	0.49913217080757
40.89	1.27512377500534	40.89	-0.265303186140954
40.92	1.54546831548214	40.92	-1.02973854308948
40.95	2.13121481984854	40.95	-1.34450604300946
40.98	1.86087027937174	40.98	-2.73847639979795
41.01	1.77075543254614	41.01	-3.63781211385503
41.04	1.54546831548214	41.04	-4.49218104220927
41.07	1.54546831548214	41.07	-4.98681568494067
41.1	1.36523862183094	41.1	-5.57138389907777
41.13	1.27512377500534	41.13	-5.88615139899775
41.16	0.644319847226143	41.16	-6.51568639883772
41.19	0.464090153574944	41.19	-6.69555354164913
41.22	0.689377270638943	41.22	-6.02105175610632
41.25	0.0135159194469452	41.25	-6.60561997024342
41.28	0.914664387702942	41.28	-5.25661639915779
41.31	0.0135159194469452	41.31	-5.66131747048348
41.34	-0.662345431745052	41.34	-5.43648354196921
41.37	0.283860459923744	41.37	-3.86264604236931
41.4	-0.617288008332253	41.4	-3.90761282807216
41.43	-0.797517701983452	41.43	-3.14317747112364
41.46	-1.38326420634985	41.46	-2.37874211417511
41.49	-1.15797708928585	41.49	-1.16463890019804
41.52	-1.60855132341385	41.52	-0.535103900358081
41.55	-1.69866617023945	41.55	0.229331456590444
41.58	-1.83383844047785	41.58	1.26356752775609
41.61	-1.78878101706505	41.61	2.02800288470462
41.64	-1.78878101706505	41.64	2.88237181305885
41.67	-1.87889586389065	41.67	3.73674074141309
41.7	-1.78878101706505	41.7	4.36627574125305
41.73	-1.83383844047785	41.73	4.99581074109301
41.76	-1.78878101706505	41.76	5.44547859812155
41.79	-1.74372359365225	41.79	5.80521288374439
41.82	-1.69866617023945	41.82	6.03004681225866
41.85	-1.65360874682665	41.85	6.20991395507008
41.88	-1.42832162976265	41.88	6.07501359796152
41.91	-1.47337905317545	41.91	6.03004681225866
41.94	-1.42832162976265	41.94	5.53541216952726
41.97	-0.617288008332253	41.97	5.94011324085295
42	-0.932689972221851	42	4.63607645547017
42.03	-0.707402855157852	42.03	4.09647502703592
42.06	-0.662345431745052	42.06	3.28707288438454
42.09	-0.752460278570652	42.09	2.25283681321889
42.12	-0.0315415039658546	42.12	2.25283681321889
42.15	-0.572230584919453	42.15	0.768932885024697
42.18	0.554205000400543	42.18	0.409198599401861
42.21	-0.301886044442654	42.21	-1.34450604300946
42.24	-0.437058314681053	42.24	-2.2888085427694
42.27	0.644319847226143	42.27	-2.24384175706655
42.3	0.824549540877342	42.3	-3.09821068542078
42.33	0.779492117464542	42.33	-3.81767925666645
42.36	0.283860459923744	42.36	-4.89688211353496
42.39	0.779492117464542	42.39	-5.25661639915779
42.42	0.419032730162144	42.42	-6.20091889891773
42.45	0.419032730162144	42.45	-6.56065318454057
42.48	0.509147576987743	42.48	-6.74052032735199
42.51	0.328917883336544	42.51	-6.69555354164913
42.54	0.824549540877342	42.54	-5.97608497040346
42.57	1.68064058572054	42.57	-5.30158318486065
42.6	0.824549540877342	42.6	-5.75125104188919
42.63	0.914664387702942	42.63	-5.16668282775208
42.66	0.779492117464542	42.66	-4.71701497072354
42.69	0.869606964290142	42.69	-3.86264604236931
42.72	0.509147576987743	42.72	-3.2780778282322
42.75	0.554205000400543	42.75	-2.42370889987797
42.78	0.689377270638943	42.78	-1.34450604300946
42.81	0.644319847226143	42.81	-0.445170328952372
42.84	0.238803036510944	42.84	0.274298242293298
42.87	0.328917883336544	42.87	1.62330181337893
42.9	0.419032730162144	42.9	2.47767074173316
42.93	0.193745613098145	42.93	3.24210609868169
42.96	0.193745613098145	42.96	4.4112425269559
42.99	0.193745613098145	42.99	5.22064466960728
43.02	0.0135159194469452	43.02	5.58037895523012
43.05	-0.572230584919453	43.05	5.71527931233868
43.08	-0.887632548809052	43.08	5.80521288374439
43.11	-1.42832162976265	43.11	5.94011324085295
43.14	-1.47337905317545	43.14	6.29984752647579
43.17	-1.42832162976265	43.17	6.11998038366437
43.2	-1.11291966587305	43.2	6.61461502639577
43.23	-1.51843647658825	43.23	5.94011324085295
43.26	-2.23935525119305	43.26	4.81594359828159
43.29	-2.50969979166985	43.29	4.18640859844163
43.32	-1.47337905317545	43.32	4.63607645547017
43.35	-2.41958494484425	43.35	2.92733859876171
43.38	-2.64487206190825	43.38	1.98303609900177
43.41	-2.50969979166985	43.41	1.44343467056751
43.44	-2.50969979166985	43.44	0.589065742213279
43.47	-2.10418298095465	43.47	-0.265303186140954
43.5	-2.41958494484425	43.5	-1.47940640011802
43.53	-2.23935525119305	43.53	-2.33377532847226
43.56	-1.02280481904745	43.56	-2.15390818566084
43.59	-1.65360874682665	43.59	-3.59284532815218
43.62	-0.482115738093853	43.62	-3.81767925666645
43.65	-0.256828621029854	43.65	-4.13244675658643
43.68	-0.392000891268253	43.68	-5.25661639915779
43.71	-0.0765989273786545	43.71	-5.70628425618634
43.74	0.0135159194469452	43.74	-6.15595211321488
43.77	0.599262423813343	43.77	-6.02105175610632
43.8	0.914664387702942	43.8	-6.11098532751203
43.83	1.32018119841814	43.83	-5.88615139899775
43.86	1.54546831548214	43.86	-5.57138389907777
43.89	1.86087027937174	43.89	-5.21164961345494
43.92	1.77075543254614	43.92	-4.89688211353496
43.95	2.94224844127893	43.95	-3.54787854244933
43.98	2.53673163056374	43.98	-3.41297818534076
44.01	2.53673163056374	44.01	-2.73847639979795
44.04	2.62684647738934	44.04	-1.88410747144371
44.07	2.71696132421494	44.07	-0.984771757386625
44.1	2.44661678373814	44.1	-0.355236757546663
44.13	2.53673163056374	44.13	0.993766813538969
44.16	2.67190390080214	44.16	2.07296967040747
44.19	1.95098512619734	44.19	2.20787002751604
44.22	2.17627224326134	44.22	3.60184038430452
44.25	1.81581285595894	44.25	4.23137538414449
44.28	0.644319847226143	44.28	3.87164109852165
44.31	0.103630766272545	44.31	4.32130895555019
44.34	0.283860459923744	44.34	5.22064466960728
44.37	-0.707402855157852	44.37	4.99581074109301
44.4	-1.20303451269865	44.4	5.44547859812155
44.43	-0.797517701983452	44.43	5.94011324085295
44.46	-2.10418298095465	44.46	5.13071109820157
44.49	-2.59981463849545	44.49	5.17567788390443
44.52	-2.96027402579784	44.52	4.81594359828159
44.55	-2.37452752143145	44.55	5.04077752679586
44.58	-3.00533144921064	44.58	4.23137538414449
44.61	-3.72625022381544	44.61	3.19713931297883
44.64	-4.13176703453064	44.64	2.38773717032745
44.67	-4.40211157500744	44.67	1.62330181337893
44.7	-3.77130764722824	44.7	1.66826859908178
44.73	-3.63613537698984	44.73	0.993766813538969
44.76	-3.50096310675144	44.76	0.00449752807617188
44.79	-3.59107795357704	44.79	-1.02973854308948
44.82	-3.50096310675144	44.82	-1.92907425714657
44.85	-2.59981463849545	44.85	-1.88410747144371
44.88	-2.50969979166985	44.88	-3.00827711401507
44.91	-2.28441267460585	44.91	-3.7727124709636
44.94	-0.797517701983452	44.94	-3.18814425682649
44.97	-0.887632548809052	44.97	-4.3572806851007
45	-0.707402855157852	45	-4.67204818502069
45.03	-0.166713774204254	45.03	-4.98681568494067
45.06	1.63558316230774	45.06	-4.08747997088358
45.09	2.04109997302294	45.09	-4.22238032799214
45.12	2.71696132421494	45.12	-4.08747997088358
45.15	2.94224844127893	45.15	-4.08747997088358
45.18	2.71696132421494	45.18	-4.44721425650641
45.21	3.34776525199413	45.21	-3.7727124709636
45.24	3.66316721588373	45.24	-3.32304461393505
45.27	4.60937310755253	45.27	-1.92907425714657
45.3	4.78960280120373	45.3	-1.52437318582088
45.33	4.33902856707573	45.33	-1.47940640011802
45.36	3.70822463929653	45.36	-1.2096056859009
45.39	3.93351175636053	45.39	-0.445170328952372
45.42	3.79833948612213	45.42	0.319265027996153
45.45	4.51925826072693	45.45	1.8481357418932
45.48	3.12247813493013	45.48	1.57833502767608
45.51	2.67190390080214	45.51	2.07296967040747
45.54	2.22132966667414	45.54	3.10720574157313
45.57	1.99604254961014	45.57	3.42197324149311
45.6	0.554205000400543	45.6	3.3320396700874
45.63	0.058573342859745	45.63	3.55687359860167
45.66	0.0135159194469452	45.66	4.27634216984734
45.69	-1.33820678293705	45.69	4.09647502703592
45.72	-1.60855132341385	45.72	4.45620931265876
45.75	-2.32947009801865	45.75	4.05150824133307
45.78	-3.23061856627464	45.78	3.73674074141309
45.81	-4.26693930476904	45.81	3.15217252727598
45.84	-4.08670961111784	45.84	3.51190681289881
45.87	-3.86142249405384	45.87	3.46694002719596
45.9	-4.71751353889704	45.9	2.61257109884173
45.93	-4.89774323254824	45.93	2.38773717032745
45.96	-5.48348973691463	45.96	1.48840145627037
45.99	-4.62739869207144	45.99	1.48840145627037
46.02	-5.57360458374023	46.02	0.454165385104716
46.05	-5.21314519643784	46.05	0.0494643137790263
46.08	-5.43843231350183	46.08	-0.93980497168377
46.11	-4.04165218770504	46.11	-0.984771757386625
46.14	-4.26693930476904	46.14	-2.24384175706655
46.17	-3.09544629603624	46.17	-1.92907425714657
46.2	-2.28441267460585	46.2	-2.15390818566084
46.23	-2.19429782778025	46.23	-2.42370889987797
46.26	-0.752460278570652	46.26	-1.88410747144371
46.29	-1.11291966587305	46.29	-3.14317747112364
46.32	0.193745613098145	46.32	-3.68277889955789
46.35	2.94224844127893	46.35	-2.01900782855228
46.38	3.21259298175573	46.38	-2.51364247128367
46.41	2.80707617104054	46.41	-3.00827711401507
46.44	4.51925826072693	46.44	-1.43443961441517
46.47	3.03236328810453	46.47	-3.41297818534076
46.5	6.41167004406452	46.5	-0.714971043169498
46.53	4.47420083731413	46.53	-2.33377532847226
46.56	7.08753139525652	46.56	-0.0854360433295369
46.59	2.71696132421494	46.59	-3.95257961377502
46.62	2.49167420715094	46.62	-3.81767925666645
46.65	8.66454121470451	46.65	2.837405027356
46.68	10.8272975385189	46.68	6.11998038366437
46.71	11.4130440428853	46.71	6.56964824069291
46.74	10.0613213405013	46.74	6.03004681225866
46.77	5.42040672898293	46.77	2.20787002751604
46.8	3.79833948612213	46.8	1.48840145627037
46.83	2.89719101786613	46.83	1.57833502767608
46.86	1.90592770278454	46.86	1.62330181337893
46.89	1.18500892817974	46.89	1.93806931329891
46.92	0.373975306749344	46.92	2.11793645611033
46.95	-0.527173161506653	46.95	2.20787002751604
46.98	-1.24809193611145	46.98	2.43270395603031
47.01	-2.23935525119305	47.01	2.3427703846246
47.04	-3.05038887262344	47.04	2.3427703846246
47.07	-3.63613537698984	47.07	2.47767074173316
47.1	-4.17682445794344	47.1	2.47767074173316
47.13	-4.94280065596104	47.13	2.02800288470462
47.16	-5.34831746667623	47.16	1.93806931329891
47.19	-5.93406397104263	47.19	1.62330181337893
47.22	-6.42969562858343	47.22	1.26356752775609
47.25	-5.70877685397863	47.25	1.89310252759606
47.28	-6.15935108810663	47.28	0.813899670727551
47.31	-6.38463820517063	47.31	0.589065742213279
47.34	-6.42969562858343	47.34	-0.0404692576266825
47.37	-5.66371943056583	47.37	0.139397885184735
47.4	-5.48348973691463	47.4	-0.535103900358081
47.43	-3.68119280040264	47.43	0.229331456590444
47.46	-4.04165218770504	47.46	-0.849871400278062
47.49	-2.28441267460585	47.49	-0.445170328952372
47.52	-1.96901071071625	47.52	-1.11967211449519
47.55	-1.69866617023945	47.55	-1.61430675722659
47.58	-0.617288008332253	47.58	-1.43443961441517
47.61	1.04983665794134	47.61	-0.849871400278062
47.64	2.17627224326134	47.64	-0.804904614575207
47.67	2.44661678373814	47.67	-1.38947282871231
47.7	2.94224844127893	47.7	-1.7042403286323
47.73	3.61810979247093	47.73	-1.7042403286323
47.76	4.15879887342453	47.76	-1.83914068574086
47.79	5.69075126945972	47.79	-0.759937828872353
47.82	5.28523445874453	47.82	-1.43443961441517
47.85	6.27649777382612	47.85	-0.670004257466644
47.88	5.78086611628532	47.88	-1.2096056859009
47.91	5.82592353969812	47.91	-1.11967211449519
47.94	5.69075126945972	47.94	-1.02973854308948
47.97	5.15006218850613	47.97	-1.11967211449519
48	5.05994734168053	48	-0.62503747176379
48.03	4.56431568413973	48.03	-0.445170328952372
48.06	5.05994734168053	48.06	0.364231813699007
48.09	3.25765040516853	48.09	-0.535103900358081
48.12	2.80707617104054	48.12	-0.175369614735246
48.15	1.81581285595894	48.15	-0.175369614735246
48.18	2.04109997302294	48.18	0.813899670727551
48.21	0.238803036510944	48.21	0.139397885184735
48.24	-0.842575125396252	48.24	0.319265027996153
48.27	-0.752460278570652	48.27	1.26356752775609
48.3	-2.28441267460585	48.3	0.49913217080757
48.33	-3.45590568333864	48.33	0.364231813699007
48.36	-3.09544629603624	48.36	1.53336824197322
48.39	-4.89774323254824	48.39	0.454165385104716
48.42	-5.39337489008903	48.42	0.589065742213279
48.45	-6.15935108810663	48.45	0.634032527916133
48.48	-5.34831746667623	48.48	1.66826859908178
48.51	-6.38463820517063	48.51	0.90383324213326
48.54	-6.74509759247303	48.54	0.858866456430405
48.57	-5.97912139445543	48.57	1.30853431345895
48.6	-6.20440851151943	48.6	0.993766813538969
48.63	-6.02417881786823	48.63	0.723966099321842
48.66	-4.80762838572264	48.66	1.66826859908178
48.69	-5.16808777302504	48.69	0.723966099321842
48.72	-4.44716899842024	48.72	0.723966099321842
48.75	-3.77130764722824	48.75	0.634032527916133
48.78	-2.10418298095465	48.78	1.48840145627037
48.81	-2.05912555754185	48.81	0.544098956510425
48.84	-1.20303451269865	48.84	0.454165385104716
48.87	-0.346943467855454	48.87	0.319265027996153
48.9	0.193745613098145	48.9	0.00449752807617188
48.93	1.00477923452854	48.93	-0.175369614735246
48.96	1.86087027937174	48.96	-0.2203364004381
48.99	3.03236328810453	48.99	0.229331456590444
49.02	4.42914341390133	49.02	0.409198599401861
49.05	5.15006218850613	49.05	0.364231813699007
49.08	5.33029188215733	49.08	0.139397885184735
49.11	6.09626808017492	49.11	0.139397885184735
49.14	5.91603838652372	49.14	-0.580070686060935
49.17	5.78086611628532	49.17	-0.93980497168377
49.2	5.78086611628532	49.2	-0.849871400278062
49.23	5.69075126945972	49.23	-1.2096056859009
49.26	5.28523445874453	49.26	-1.61430675722659
49.29	4.92477507144213	49.29	-1.34450604300946
49.32	4.74454537779093	49.32	-1.25457247160375
49.35	4.11374145001173	49.35	-1.65927354292944
49.38	3.30270782858133	49.38	-1.83914068574086
49.41	2.22132966667414	49.41	-2.01900782855228
49.44	1.45535346865654	49.44	-1.794173900038
49.47	1.23006635159254	49.47	-1.11967211449519
49.5	-0.121656350791454	49.5	-1.56933997152373
49.53	-1.06786224246025	49.53	-1.61430675722659
49.56	-1.24809193611145	49.56	-0.714971043169498
49.59	-2.73498690873384	49.59	-1.2096056859009
49.62	-2.82510175555944	49.62	-0.310269971843809
49.65	-3.90647991746664	49.65	-0.759937828872353
49.68	-4.53728384524584	49.68	-0.580070686060935
49.71	-4.67245611548424	49.71	0.409198599401861
49.74	-5.25820261985064	49.74	0.589065742213279
49.77	-5.21314519643784	49.77	0.813899670727551
49.8	-5.88900654762983	49.8	0.768932885024697
49.83	-6.38463820517063	49.83	0.589065742213279
49.86	-6.42969562858343	49.86	0.90383324213326
49.89	-6.24946593493223	49.89	1.21860074205324
49.92	-4.80762838572264	49.92	2.43270395603031
49.95	-4.44716899842024	49.95	2.56760431313887
49.98	-4.71751353889704	49.98	1.93806931329891
50.01	-4.35705415159464	50.01	2.20787002751604
50.04	-3.81636507064104	50.04	1.98303609900177
50.07	-3.05038887262344	50.07	2.11793645611033
50.1	-2.14924040436745	50.1	2.3427703846246
50.13	-0.482115738093853	50.13	2.79243824165314
50.16	0.509147576987743	50.16	2.837405027356
50.19	0.238803036510944	50.19	1.71323538478464
50.22	1.09489408135414	50.22	1.89310252759606
50.25	2.67190390080214	50.25	2.38773717032745
50.28	2.98730586469173	50.28	1.48840145627037
50.31	3.48293752223253	50.31	0.948800027836114
50.34	3.84339690953493	50.34	0.454165385104716
50.37	4.11374145001173	50.37	-0.0854360433295369
50.4	4.56431568413973	50.4	-0.0854360433295369
50.43	5.10500476509333	50.43	-0.490137114655226
50.46	5.69075126945972	50.46	-0.2203364004381
50.49	5.15006218850613	50.49	-1.34450604300946
50.52	5.01488991826773	50.52	-1.83914068574086
50.55	4.33902856707573	50.55	-2.37874211417511
50.58	4.02362660318613	50.58	-2.73847639979795
50.61	3.61810979247093	50.61	-2.91834354260936
50.64	3.12247813493013	50.64	-3.09821068542078
50.67	3.48293752223253	50.67	-2.64854282839224
50.7	2.40155936032534	50.7	-3.18814425682649
50.73	1.45535346865654	50.73	-3.41297818534076
50.76	0.824549540877342	50.76	-3.36801139963791
50.79	0.058573342859745	50.79	-3.2780778282322
50.82	-0.797517701983452	50.82	-3.23311104252934
50.85	-1.92395328730345	50.85	-3.23311104252934
50.88	-2.50969979166985	50.88	-2.7834431855008
50.91	-1.96901071071625	50.91	-1.47940640011802
50.94	-3.54602053016424	50.94	-2.06397461425513
50.97	-4.22188188135624	50.97	-1.74920711433515
51	-4.40211157500744	51	-0.714971043169498
51.03	-4.22188188135624	51.03	-0.0404692576266825
51.06	-4.22188188135624	51.06	0.723966099321842
51.09	-5.16808777302504	51.09	0.454165385104716
51.12	-5.12303034961224	51.12	1.08370038494468
51.15	-5.57360458374023	51.15	1.26356752775609
51.18	-5.25820261985064	51.18	1.80316895619035
51.21	-5.07797292619944	51.21	2.3427703846246
51.24	-4.71751353889704	51.24	2.61257109884173
51.27	-4.17682445794344	51.27	2.97230538446456
51.3	-3.45590568333864	51.3	3.46694002719596
51.33	-3.18556114286184	51.33	3.46694002719596
51.36	-2.23935525119305	51.36	4.14144181273878
51.39	-1.02280481904745	51.39	4.63607645547017
51.42	-0.121656350791454	51.42	4.54614288406447
51.45	-0.662345431745052	51.45	3.51190681289881
51.48	0.419032730162144	51.48	3.8266743128188
51.51	1.36523862183094	51.51	3.55687359860167
51.54	1.63558316230774	51.54	2.88237181305885
51.57	2.26638709008694	51.57	2.43270395603031
51.6	2.49167420715094	51.6	1.71323538478464
51.63	3.07742071151733	51.63	1.3535010991618
51.66	3.43788009881973	51.66	0.768932885024697
51.69	3.57305236905813	51.69	0.0494643137790263
51.72	3.93351175636053	51.72	-0.400203543249518
51.75	4.02362660318613	51.75	-0.984771757386625
51.78	4.69948795437813	51.78	-0.93980497168377
51.81	3.93351175636053	51.81	-2.19887497136369
51.84	3.61810979247093	51.84	-2.91834354260936
51.87	3.43788009881973	51.87	-3.2780778282322
51.9	2.80707617104054	51.9	-3.99754639947787
51.93	2.62684647738934	51.93	-4.13244675658643
51.96	2.98730586469173	51.96	-3.59284532815218
51.99	1.54546831548214	51.99	-4.80694854212925
52.02	0.914664387702942	52.02	-4.71701497072354
52.05	1.18500892817974	52.05	-4.17741354228929
52.08	0.869606964290142	52.08	-3.81767925666645
52.11	0.193745613098145	52.11	-3.7727124709636
52.14	-1.24809193611145	52.14	-4.3572806851007
52.17	-1.60855132341385	52.17	-3.81767925666645
52.2	-1.78878101706505	52.2	-2.73847639979795
52.23	-2.23935525119305	52.23	-2.51364247128367
52.26	-2.91521660238504	52.26	-2.19887497136369
52.29	-3.59107795357704	52.29	-1.794173900038
52.32	-3.77130764722824	52.32	-1.11967211449519
52.35	-3.81636507064104	52.35	0.00449752807617188
52.38	-3.90647991746664	52.38	0.454165385104716
52.41	-3.99659476429224	52.41	1.03873359924182
52.44	-3.81636507064104	52.44	1.8481357418932
52.47	-3.90647991746664	52.47	2.70250467024744
52.5	-3.18556114286184	52.5	3.46694002719596
52.53	-3.36579083651304	52.53	3.60184038430452
52.56	-2.91521660238504	52.56	4.18640859844163
52.59	-2.50969979166985	52.59	4.59110966976732
52.62	-2.59981463849545	52.62	4.63607645547017
52.65	-1.74372359365225	52.65	4.95084395539016
52.68	-1.38326420634985	52.68	4.95084395539016
52.71	-1.11291966587305	52.71	5.04077752679586
52.74	-0.346943467855454	52.74	5.26561145531014
52.77	0.193745613098145	52.77	4.72601002687588
52.8	0.419032730162144	52.8	4.14144181273878
52.83	0.689377270638943	52.83	3.8266743128188
52.86	1.32018119841814	52.86	3.64680717000738
52.89	2.31144451349974	52.89	3.24210609868169
52.92	1.86087027937174	52.92	1.80316895619035
52.95	1.72569800913334	52.95	0.993766813538969
52.98	2.17627224326134	52.98	0.49913217080757
53.01	2.44661678373814	53.01	-0.400203543249518
53.04	2.31144451349974	53.04	-1.43443961441517
53.07	2.22132966667414	53.07	-2.15390818566084
53.1	3.07742071151733	53.1	-2.01900782855228
53.13	2.17627224326134	53.13	-3.54787854244933
53.16	1.95098512619734	53.16	-4.267347113695
53.19	1.50041089206934	53.19	-4.8519153278321
53.22	1.63558316230774	53.22	-5.07674925634638
53.25	1.27512377500534	53.25	-5.16668282775208
53.28	1.13995150476694	53.28	-5.12171604204923
53.31	0.779492117464542	53.31	-5.61635068478063
53.34	0.599262423813343	53.34	-5.57138389907777
53.37	-0.166713774204254	53.37	-5.8411846132949
53.4	-0.482115738093853	53.4	-5.43648354196921
53.43	-0.797517701983452	53.43	-4.89688211353496
53.46	-0.932689972221851	53.46	-4.62708139931783
53.49	-1.15797708928585	53.49	-3.99754639947787
53.52	-1.69866617023945	53.52	-3.54787854244933
53.55	-1.38326420634985	53.55	-2.01900782855228
53.58	-1.02280481904745	53.58	-1.16463890019804
53.61	-1.87889586389065	53.61	-0.894838185980916
53.64	-2.01406813412905	53.64	-0.2203364004381
53.67	-2.10418298095465	53.67	0.723966099321842
53.7	-1.83383844047785	53.7	2.11793645611033
53.73	-2.19429782778025	53.73	2.25283681321889
53.76	-2.41958494484425	53.76	2.97230538446456
53.79	-2.41958494484425	53.79	3.46694002719596
53.82	-2.05912555754185	53.82	4.27634216984734
53.85	-2.19429782778025	53.85	4.63607645547017
53.88	-1.24809193611145	53.88	6.03004681225866
53.91	-1.47337905317545	53.91	5.94011324085295
53.94	-0.572230584919453	53.94	6.47971466928721
53.97	-1.06786224246025	53.97	5.8951464551501
54	-1.15797708928585	54	5.62534574093297
54.03	-1.06786224246025	54.03	5.49044538382441
54.06	-0.662345431745052	54.06	5.08574431249872
54.09	-0.662345431745052	54.09	4.23137538414449
54.12	0.238803036510944	54.12	4.72601002687588
54.15	0.869606964290142	54.15	4.23137538414449
54.18	0.373975306749344	54.18	2.79243824165314
54.21	-0.256828621029854	54.21	1.48840145627037
54.24	0.599262423813343	54.24	1.03873359924182
54.27	0.419032730162144	54.27	0.229331456590444
54.3	0.554205000400543	54.3	-0.804904614575207
54.33	0.824549540877342	54.33	-1.02973854308948
54.36	0.824549540877342	54.36	-1.92907425714657
54.39	1.72569800913334	54.39	-2.2888085427694
54.42	0.373975306749344	54.42	-3.86264604236931
54.45	1.13995150476694	54.45	-4.13244675658643
54.48	-0.211771197617054	54.48	-5.61635068478063
54.51	1.27512377500534	54.51	-4.80694854212925
54.54	0.464090153574944	54.54	-5.39151675626636
54.57	0.148688189685345	54.57	-5.8411846132949
54.6	-0.617288008332253	54.6	-6.96535425586626
54.63	-0.437058314681053	54.63	-6.3358192560263
54.66	0.148688189685345	54.66	-6.38078604172915
54.69	0.283860459923744	54.69	-5.43648354196921
54.72	-1.15797708928585	54.72	-6.51568639883772
54.75	0.644319847226143	54.75	-4.49218104220927
54.78	-0.482115738093853	54.78	-4.8519153278321
54.81	-1.92395328730345	54.81	-5.48145032767206
54.84	3.84339690953493	54.84	1.44343467056751
54.87	-0.932689972221851	54.87	-2.15390818566084
54.9	1.81581285595894	54.9	1.17363395635039
54.93	-0.437058314681053	54.93	0.0494643137790263
54.96	4.06868402659893	54.96	5.98508002655581
54.99	8.79971348494291	54.99	10.9763932395726
55.02	7.49304820597172	55.02	10.7065925253555
55.05	2.76201874762774	55.05	6.70454859780148
55.08	-0.211771197617054	55.08	4.45620931265876
55.11	-0.797517701983452	55.11	4.54614288406447
55.14	-0.842575125396252	55.14	5.08574431249872
55.17	-0.977747395634651	55.17	5.49044538382441
55.2	-1.06786224246025	55.2	5.67031252663583
55.23	-1.11291966587305	55.23	5.80521288374439
55.26	-1.29314935952425	55.26	5.85017966944724
55.29	-1.29314935952425	55.29	5.71527931233868
55.32	-1.33820678293705	55.32	5.58037895523012
55.35	-1.42832162976265	55.35	5.22064466960728
55.38	-1.24809193611145	55.38	4.95084395539016
55.41	-1.11291966587305	55.41	4.45620931265876
55.44	-1.38326420634985	55.44	3.55687359860167
55.47	-1.42832162976265	55.47	2.74747145595029
55.5	-1.33820678293705	55.5	1.98303609900177
55.53	-1.38326420634985	55.53	0.993766813538969
55.56	-0.842575125396252	55.56	0.993766813538969
55.59	-1.38326420634985	55.59	-0.445170328952372
55.62	-0.392000891268253	55.62	-0.62503747176379
55.65	-0.797517701983452	55.65	-1.88410747144371
55.68	-0.437058314681053	55.68	-2.7834431855008
55.71	0.058573342859745	55.71	-3.05324389971793
55.74	-0.392000891268253	55.74	-4.267347113695
55.77	-0.0765989273786545	55.77	-4.71701497072354
55.8	0.734434694051743	55.8	-4.44721425650641
55.83	0.238803036510944	55.83	-5.43648354196921
55.86	0.464090153574944	55.86	-5.75125104188919
55.89	0.599262423813343	55.89	-5.8411846132949
55.92	0.509147576987743	55.92	-6.02105175610632
55.95	0.689377270638943	55.95	-5.88615139899775
55.98	1.09489408135414	55.98	-5.12171604204923
56.01	1.77075543254614	56.01	-4.267347113695
56.04	2.26638709008694	56.04	-3.59284532815218
56.07	1.41029604524374	56.07	-3.68277889955789
56.1	1.23006635159254	56.1	-3.36801139963791
56.13	2.49167420715094	56.13	-1.47940640011802
56.16	1.59052573889494	56.16	-1.61430675722659
56.19	1.41029604524374	56.19	-0.93980497168377
56.22	1.09489408135414	56.22	-0.2203364004381
56.25	1.68064058572054	56.25	1.44343467056751
56.28	1.59052573889494	56.28	1.93806931329891
56.31	1.86087027937174	56.31	3.24210609868169
56.34	1.04983665794134	56.34	3.3320396700874
56.37	0.644319847226143	56.37	3.8266743128188
56.4	0.103630766272545	56.4	4.05150824133307
56.43	-0.0315415039658546	56.43	4.68104324117303
56.46	-0.752460278570652	56.46	4.72601002687588
56.49	-0.707402855157852	56.49	5.22064466960728
56.52	-1.42832162976265	56.52	5.13071109820157
56.55	-1.69866617023945	56.55	5.13071109820157
56.58	-1.92395328730345	56.58	5.31057824101299
56.61	-1.69866617023945	56.61	5.58037895523012
56.64	-1.96901071071625	56.64	5.22064466960728
56.67	-2.32947009801865	56.67	4.68104324117303
56.7	-2.73498690873384	56.7	3.60184038430452
56.73	-3.32073341310024	56.73	2.79243824165314
56.76	-3.05038887262344	56.76	2.65753788454458
56.79	-2.82510175555944	56.79	2.11793645611033
56.82	-3.32073341310024	56.82	0.858866456430405
56.85	-3.36579083651304	56.85	-0.175369614735246
56.88	-3.23061856627464	56.88	-0.93980497168377
56.91	-3.05038887262344	56.91	-1.61430675722659
56.94	-2.68992948532104	56.94	-2.06397461425513
56.97	-2.46464236825705	56.97	-2.82840997120366
57	-1.74372359365225	57	-3.36801139963791
57.03	-1.47337905317545	57.03	-4.04251318518072
57.06	-1.29314935952425	57.06	-4.58211461361498
57.09	-0.842575125396252	57.09	-4.94184889923781
57.12	0.148688189685345	57.12	-4.40224747080356
57.15	0.734434694051743	57.15	-4.44721425650641
57.18	0.779492117464542	57.18	-5.07674925634638
57.21	1.23006635159254	57.21	-4.98681568494067
57.24	1.63558316230774	57.24	-4.94184889923781
57.27	2.17627224326134	57.27	-4.44721425650641
57.3	2.40155936032534	57.3	-4.17741354228929
57.33	2.67190390080214	57.33	-3.7727124709636
57.36	2.62684647738934	57.36	-3.54787854244933
57.39	2.85213359445333	57.39	-2.87337675690651
57.42	2.94224844127893	57.42	-2.19887497136369
57.45	3.12247813493013	57.45	-1.47940640011802
57.48	2.89719101786613	57.48	-0.93980497168377
57.51	2.85213359445333	57.51	-0.175369614735246
57.54	2.58178905397654	57.54	0.723966099321842
57.57	2.26638709008694	57.57	1.08370038494468
57.6	2.53673163056374	57.6	2.52263752743602
57.63	1.81581285595894	57.63	2.74747145595029
57.66	2.08615739643574	57.66	3.8266743128188
57.69	0.914664387702942	57.69	3.46694002719596
57.72	0.148688189685345	57.72	3.55687359860167
57.75	0.193745613098145	57.75	4.59110966976732
57.78	-0.0765989273786545	57.78	4.81594359828159
57.81	-0.346943467855454	57.81	5.22064466960728
57.84	-1.69866617023945	57.84	4.32130895555019
57.87	-2.28441267460585	57.87	4.18640859844163
57.9	-2.82510175555944	57.9	3.87164109852165
57.93	-3.18556114286184	57.93	3.73674074141309
57.96	-3.59107795357704	57.96	3.37700645579025
57.99	-4.08670961111784	57.99	2.74747145595029
58.02	-4.62739869207144	58.02	2.07296967040747
58.05	-4.08670961111784	58.05	2.16290324181318
58.08	-4.67245611548424	58.08	1.03873359924182
58.11	-4.17682445794344	58.11	1.21860074205324
58.14	-4.53728384524584	58.14	0.319265027996153
58.17	-4.49222642183304	58.17	-0.535103900358081
58.2	-4.13176703453064	58.2	-0.93980497168377
58.23	-3.68119280040264	58.23	-1.38947282871231
58.26	-3.09544629603624	58.26	-2.06397461425513
58.29	-2.96027402579784	58.29	-2.7834431855008
58.32	-2.14924040436745	58.32	-2.7834431855008
58.35	-0.662345431745052	58.35	-2.51364247128367
58.38	-0.797517701983452	58.38	-3.45794497104362
58.41	0.509147576987743	58.41	-3.00827711401507
58.44	1.27512377500534	58.44	-2.96331032831222
58.47	1.86087027937174	58.47	-3.09821068542078
58.5	1.77075543254614	58.5	-3.72774568526074
58.53	2.17627224326134	58.53	-3.81767925666645
58.56	2.67190390080214	58.56	-3.59284532815218
58.59	3.43788009881973	58.59	-3.05324389971793
58.62	3.52799494564533	58.62	-3.00827711401507
58.65	4.83466022461653	58.65	-1.7042403286323
58.68	5.01488991826773	58.68	-1.29953925730661
58.71	4.38408599048853	58.71	-1.56933997152373
58.74	4.33902856707573	58.74	-1.2096056859009
58.77	4.15879887342453	58.77	-0.849871400278062
58.8	4.15879887342453	58.8	-0.2203364004381
58.83	3.84339690953493	58.83	0.184364670887589
58.86	3.25765040516853	58.86	0.544098956510425
58.89	3.16753555834293	58.89	1.12866717064753
58.92	2.53673163056374	58.92	1.44343467056751
58.95	1.68064058572054	58.95	1.80316895619035
58.98	1.23006635159254	58.98	2.38773717032745
59.01	0.464090153574944	59.01	2.52263752743602
59.04	-0.211771197617054	59.04	2.88237181305885
59.07	-0.932689972221851	59.07	2.65753788454458
59.1	-1.69866617023945	59.1	2.97230538446456
59.13	-2.32947009801865	59.13	3.01727217016742
59.16	-2.50969979166985	59.16	3.42197324149311
59.19	-3.27567598968744	59.19	3.15217252727598
59.22	-4.31199672818184	59.22	2.52263752743602
59.25	-4.80762838572264	59.25	2.25283681321889
59.28	-4.22188188135624	59.28	2.79243824165314
59.31	-5.12303034961224	59.31	1.80316895619035
59.34	-4.53728384524584	59.34	2.25283681321889
59.37	-5.48348973691463	59.37	1.30853431345895
59.4	-5.03291550278664	59.4	1.03873359924182
59.43	-4.62739869207144	59.43	1.08370038494468
59.46	-4.40211157500744	59.46	0.634032527916133
59.49	-5.12303034961224	59.49	-0.580070686060935
59.52	-4.22188188135624	59.52	-0.445170328952372
59.55	-3.09544629603624	59.55	-0.355236757546663
59.58	-2.59981463849545	59.58	-0.714971043169498
59.61	-2.64487206190825	59.61	-1.61430675722659
59.64	-1.74372359365225	59.64	-1.88410747144371
59.67	-1.29314935952425	59.67	-2.37874211417511
59.7	-0.392000891268253	59.7	-2.37874211417511
59.73	1.18500892817974	59.73	-1.47940640011802
59.76	1.54546831548214	59.76	-2.15390818566084
59.79	2.31144451349974	59.79	-1.794173900038
59.82	3.03236328810453	59.82	-2.01900782855228
59.85	3.43788009881973	59.85	-2.19887497136369
59.88	4.02362660318613	59.88	-1.97404104284942
59.91	4.87971764802933	59.91	-1.47940640011802
59.94	4.74454537779093	59.94	-1.74920711433515
59.97	5.82592353969812	59.97	-0.670004257466644
