Temps	Pendule{1}	Temps	Pendule{2}
0	6.36661262065172	0	-6.38078604172915
0.005	6.36661262065172	0.005	-6.3358192560263
0.01	6.27649777382612	0.01	-6.65058675594628
0.015	6.41167004406452	0.015	-6.56065318454057
0.02	6.18638292700052	0.02	-6.87542068446055
0.025	6.50178489089012	0.025	-6.65058675594628
0.03	6.23144035041332	0.03	-6.78548711305484
0.035	6.50178489089012	0.035	-6.78548711305484
0.04	7.26776108890772	0.04	-6.24588568462059
0.045	7.04247397184372	0.045	-6.51568639883772
0.05	6.68201458454132	0.05	-6.9203874701634
0.055	6.72707200795412	0.055	-6.87542068446055
0.06	6.32155519723892	0.06	-7.14522139867768
0.065	6.72707200795412	0.065	-6.9203874701634
0.07	6.32155519723892	0.07	-7.19018818438053
0.075	6.68201458454132	0.075	-7.05528782727197
0.08	6.32155519723892	0.08	-7.28012175578624
0.085	6.68201458454132	0.085	-7.10025461297482
0.09	7.53810562938452	0.09	-6.38078604172915
0.095	6.95235912501812	0.095	-6.74052032735199
0.1	6.59189973771572	0.1	-7.23515497008339
0.105	6.72707200795412	0.105	-7.05528782727197
0.11	6.45672746747732	0.11	-6.96535425586626
0.115	6.50178489089012	0.115	-7.10025461297482
0.12	6.59189973771572	0.12	-7.05528782727197
0.125	6.77212943136692	0.125	-6.8304538987577
0.13	6.45672746747732	0.13	-7.14522139867768
0.135	6.50178489089012	0.135	-6.9203874701634
0.14	5.96109580993652	0.14	-7.28012175578624
0.145	6.36661262065172	0.145	-6.9203874701634
0.15	6.54684231430292	0.15	-6.65058675594628
0.155	6.41167004406452	0.155	-6.74052032735199
0.16	6.18638292700052	0.16	-6.9203874701634
0.165	6.18638292700052	0.165	-6.69555354164913
0.17	5.69075126945972	0.17	-6.9203874701634
0.175	6.00615323334932	0.175	-6.65058675594628
0.18	5.73580869287252	0.18	-6.47071961313486
0.185	5.78086611628532	0.185	-6.51568639883772
0.19	6.68201458454132	0.19	-5.66131747048348
0.195	6.63695716112852	0.195	-5.48145032767206
0.2	5.60063642263412	0.2	-6.42575282743201
0.205	6.45672746747732	0.205	-5.16668282775208
0.21	5.42040672898293	0.21	-6.20091889891773
0.215	6.05121065676212	0.215	-5.48145032767206
0.22	4.92477507144213	0.22	-6.24588568462059
0.225	5.19511961191893	0.225	-5.88615139899775
0.23	4.78960280120373	0.23	-6.02105175610632
0.235	4.92477507144213	0.235	-5.70628425618634
0.24	4.92477507144213	0.24	-5.21164961345494
0.245	4.69948795437813	0.245	-5.12171604204923
0.25	5.15006218850613	0.25	-4.94184889923781
0.255	4.69948795437813	0.255	-4.76198175642639
0.26	4.38408599048853	0.26	-5.12171604204923
0.265	5.01488991826773	0.265	-4.31231389939785
0.27	3.79833948612213	0.27	-5.21164961345494
0.275	4.06868402659893	0.275	-4.80694854212925
0.28	4.29397114366293	0.28	-4.04251318518072
0.285	3.30270782858133	0.285	-4.89688211353496
0.29	3.43788009881973	0.29	-4.58211461361498
0.295	4.02362660318613	0.295	-3.81767925666645
0.3	3.12247813493013	0.3	-4.08747997088358
0.305	3.07742071151733	0.305	-4.22238032799214
0.31	3.30270782858133	0.31	-3.59284532815218
0.315	2.62684647738934	0.315	-3.86264604236931
0.32	2.80707617104054	0.32	-3.59284532815218
0.325	3.25765040516853	0.325	-2.73847639979795
0.33	2.17627224326134	0.33	-3.59284532815218
0.335	2.35650193691254	0.335	-3.09821068542078
0.34	2.94224844127893	0.34	-2.24384175706655
0.345	1.59052573889494	0.345	-3.14317747112364
0.35	2.13121481984854	0.35	-2.51364247128367
0.355	1.50041089206934	0.355	-2.46867568558082
0.36	1.45535346865654	0.36	-2.51364247128367
0.365	2.26638709008694	0.365	-1.47940640011802
0.37	1.23006635159254	0.37	-2.19887497136369
0.375	1.90592770278454	0.375	-1.11967211449519
0.38	0.959721811115742	0.38	-1.47940640011802
0.385	0.554205000400543	0.385	-1.88410747144371
0.39	1.09489408135414	0.39	-1.07470532879233
0.395	0.148688189685345	0.395	-1.25457247160375
0.4	-0.0315415039658546	0.4	-1.38947282871231
0.405	0.193745613098145	0.405	-0.984771757386625
0.41	-0.0315415039658546	0.41	-0.535103900358081
0.415	-0.346943467855454	0.415	-0.804904614575207
0.42	0.464090153574944	0.42	0.274298242293298
0.425	-0.977747395634651	0.425	-0.670004257466644
0.43	0.103630766272545	0.43	0.544098956510425
0.435	-1.24809193611145	0.435	-0.2203364004381
0.44	-1.24809193611145	0.44	-0.0854360433295369
0.445	-1.15797708928585	0.445	0.364231813699007
0.45	-1.02280481904745	0.45	0.993766813538969
0.455	-1.78878101706505	0.455	0.364231813699007
0.46	-1.60855132341385	0.46	0.768932885024697
0.465	-1.20303451269865	0.465	1.71323538478464
0.47	-2.37452752143145	0.47	0.858866456430405
0.475	-2.10418298095465	0.475	1.26356752775609
0.48	-2.68992948532104	0.48	1.17363395635039
0.485	-2.41958494484425	0.485	1.57833502767608
0.49	-1.96901071071625	0.49	2.52263752743602
0.495	-3.09544629603624	0.495	1.62330181337893
0.5	-2.91521660238504	0.5	2.02800288470462
0.505	-2.50969979166985	0.505	2.92733859876171
0.51	-3.54602053016424	0.51	2.07296967040747
0.515	-3.32073341310024	0.515	2.52263752743602
0.52	-2.73498690873384	0.52	3.51190681289881
0.525	-4.04165218770504	0.525	2.61257109884173
0.53	-3.72625022381544	0.53	3.01727217016742
0.535	-3.81636507064104	0.535	3.46694002719596
0.54	-4.17682445794344	0.54	3.10720574157313
0.545	-3.32073341310024	0.545	4.23137538414449
0.55	-4.44716899842024	0.55	3.37700645579025
0.555	-3.54602053016424	0.555	4.50117609836161
0.56	-4.58234126865864	0.56	4.18640859844163
0.565	-4.76257096230984	0.565	3.87164109852165
0.57	-4.04165218770504	0.57	4.9058771696873
0.575	-5.12303034961224	0.575	4.00654145563021
0.58	-5.07797292619944	0.58	4.32130895555019
0.585	-4.89774323254824	0.585	5.04077752679586
0.59	-5.52854716032743	0.59	4.32130895555019
0.595	-4.94280065596104	0.595	5.13071109820157
0.6	-5.75383427739143	0.6	4.9058771696873
0.605	-5.57360458374023	0.605	4.99581074109301
0.61	-5.34831746667623	0.61	5.67031252663583
0.615	-5.88900654762983	0.615	5.08574431249872
0.62	-5.79889170080423	0.62	5.44547859812155
0.625	-6.29452335834503	0.625	5.35554502671585
0.63	-6.24946593493223	0.63	5.35554502671585
0.635	-5.48348973691463	0.635	6.25488074077293
0.64	-6.29452335834503	0.64	5.98508002655581
0.645	-6.38463820517063	0.645	5.76024609804153
0.65	-6.56486789882183	0.65	6.07501359796152
0.655	-6.47475305199623	0.655	5.94011324085295
0.66	-6.47475305199623	0.66	6.07501359796152
0.665	-6.65498274564743	0.665	6.43474788358435
0.67	-6.65498274564743	0.67	6.29984752647579
0.675	-6.60992532223463	0.675	6.74951538350433
0.68	-7.01544213294983	0.68	6.11998038366437
0.685	-6.02417881786823	0.685	7.15421645483002
0.69	-7.06049955636263	0.69	6.29984752647579
0.695	-6.11429366469383	0.695	7.28911681193858
0.7	-6.47475305199623	0.7	7.28911681193858
0.705	-7.15061440318823	0.705	6.52468145499006
0.71	-6.24946593493223	0.71	7.55891752615571
0.715	-7.28578667342663	0.715	6.56964824069291
0.72	-7.01544213294983	0.72	6.88441574061289
0.725	-7.55613121390343	0.725	6.52468145499006
0.73	-7.06049955636263	0.73	6.92938252631575
0.735	-7.60118863731623	0.735	6.61461502639577
0.74	-7.55613121390343	0.74	6.65958181209862
0.745	-6.56486789882183	0.745	7.51395074045286
0.75	-7.60118863731623	0.75	6.74951538350433
0.755	-6.88026986271143	0.755	7.33408359764144
0.76	-7.37590152025223	0.76	7.06428288342431
0.765	-7.10555697977543	0.765	7.01931609772146
0.77	-7.10555697977543	0.77	7.33408359764144
0.775	-7.15061440318823	0.775	6.9743493120186
0.78	-7.10555697977543	0.78	6.9743493120186
0.785	-7.42095894366503	0.785	6.88441574061289
0.79	-7.51107379049063	0.79	6.65958181209862
0.795	-6.20440851151943	0.795	7.69381788326427
0.8	-7.28578667342663	0.8	6.92938252631575
0.805	-6.88026986271143	0.805	6.92938252631575
0.81	-6.92532728612423	0.81	7.24415002623573
0.815	-6.83521243929863	0.815	6.88441574061289
0.82	-6.74509759247303	0.82	6.83944895491004
0.825	-7.15061440318823	0.825	6.47971466928721
0.83	-6.74509759247303	0.83	6.61461502639577
0.835	-6.74509759247303	0.835	6.83944895491004
0.84	-7.01544213294983	0.84	6.3897810978815
0.845	-5.79889170080423	0.845	7.19918324053288
0.85	-6.06923624128103	0.85	7.15421645483002
0.855	-6.33958078175783	0.855	6.43474788358435
0.86	-5.61866200715303	0.86	6.9743493120186
0.865	-6.33958078175783	0.865	6.16494716936722
0.87	-6.29452335834503	0.87	6.03004681225866
0.875	-6.02417881786823	0.875	6.43474788358435
0.88	-6.33958078175783	0.88	5.80521288374439
0.885	-5.07797292619944	0.885	6.79448216920719
0.89	-5.43843231350183	0.89	6.47971466928721
0.895	-5.66371943056583	0.895	5.80521288374439
0.9	-5.57360458374023	0.9	5.67031252663583
0.905	-5.93406397104263	0.905	5.4005118124187
0.91	-5.57360458374023	0.91	5.31057824101299
0.915	-5.16808777302504	0.915	5.76024609804153
0.92	-5.52854716032743	0.92	5.13071109820157
0.925	-4.17682445794344	0.925	6.03004681225866
0.93	-5.30326004326344	0.93	4.81594359828159
0.935	-3.95153734087944	0.935	5.71527931233868
0.94	-3.77130764722824	0.94	5.76024609804153
0.945	-4.58234126865864	0.945	4.63607645547017
0.95	-3.99659476429224	0.95	4.95084395539016
0.955	-4.40211157500744	0.955	4.27634216984734
0.96	-4.49222642183304	0.96	4.05150824133307
0.965	-3.50096310675144	0.965	4.86091038398445
0.97	-4.31199672818184	0.97	3.8266743128188
0.975	-2.91521660238504	0.975	4.72601002687588
0.98	-3.54602053016424	0.98	3.8266743128188
0.985	-3.68119280040264	0.985	3.42197324149311
0.99	-3.32073341310024	0.99	3.46694002719596
0.995	-3.59107795357704	0.995	3.15217252727598
1	-3.45590568333864	1	2.97230538446456
1.005	-2.14924040436745	1.005	3.8266743128188
1.01	-3.14050371944904	1.01	2.74747145595029
1.015	-1.78878101706505	1.015	3.60184038430452
1.02	-2.23935525119305	1.02	3.06223895587027
1.025	-2.28441267460585	1.025	2.47767074173316
1.03	-2.05912555754185	1.03	2.38773717032745
1.035	-2.28441267460585	1.035	1.80316895619035
1.04	-2.10418298095465	1.04	1.66826859908178
1.045	-1.56349390000105	1.045	2.29780359892175
1.05	-0.977747395634651	1.05	2.38773717032745
1.055	-1.33820678293705	1.055	1.44343467056751
1.06	-1.24809193611145	1.06	1.26356752775609
1.065	-1.47337905317545	1.065	0.948800027836114
1.07	-1.24809193611145	1.07	0.813899670727551
1.075	0.103630766272545	1.075	1.62330181337893
1.08	-0.977747395634651	1.08	0.49913217080757
1.085	0.373975306749344	1.085	1.3535010991618
1.09	-0.346943467855454	1.09	0.589065742213279
1.095	0.103630766272545	1.095	0.364231813699007
1.1	0.058573342859745	1.1	0.0494643137790263
1.105	-0.0315415039658546	1.105	-0.400203543249518
1.11	0.283860459923744	1.11	-0.445170328952372
1.115	0.103630766272545	1.115	-0.670004257466644
1.12	0.283860459923744	1.12	-0.759937828872353
1.125	1.27512377500534	1.125	-0.175369614735246
1.13	0.689377270638943	1.13	-0.984771757386625
1.135	1.95098512619734	1.135	-0.310269971843809
1.14	2.04109997302294	1.14	-0.490137114655226
1.145	1.50041089206934	1.145	-1.43443961441517
1.15	1.54546831548214	1.15	-1.61430675722659
1.155	1.41029604524374	1.155	-2.01900782855228
1.16	1.63558316230774	1.16	-2.19887497136369
1.165	1.81581285595894	1.165	-2.06397461425513
1.17	1.77075543254614	1.17	-2.37874211417511
1.175	2.94224844127893	1.175	-1.65927354292944
1.18	2.89719101786613	1.18	-1.97404104284942
1.185	2.71696132421494	1.185	-2.64854282839224
1.19	2.76201874762774	1.19	-2.96331032831222
1.195	2.58178905397654	1.195	-3.2780778282322
1.2	2.58178905397654	1.2	-3.41297818534076
1.205	3.57305236905813	1.205	-2.7834431855008
1.21	4.20385629683733	1.21	-2.60357604268938
1.215	3.48293752223253	1.215	-3.59284532815218
1.22	3.61810979247093	1.22	-3.7727124709636
1.225	3.66316721588373	1.225	-3.99754639947787
1.23	3.88845433294773	1.23	-4.04251318518072
1.235	3.84339690953493	1.235	-4.40224747080356
1.24	3.79833948612213	1.24	-4.62708139931783
1.245	3.88845433294773	1.245	-4.49218104220927
1.25	4.24891372025013	1.25	-4.31231389939785
1.255	5.28523445874453	1.255	-3.86264604236931
1.26	4.60937310755253	1.26	-4.80694854212925
1.265	4.56431568413973	1.265	-5.07674925634638
1.27	4.56431568413973	1.27	-5.3465499705635
1.275	4.47420083731413	1.275	-5.43648354196921
1.28	4.56431568413973	1.28	-5.61635068478063
1.285	5.10500476509333	1.285	-5.12171604204923
1.29	6.05121065676212	1.29	-4.76198175642639
1.295	5.28523445874453	1.295	-5.61635068478063
1.3	5.10500476509333	1.3	-6.02105175610632
1.305	5.01488991826773	1.305	-6.20091889891773
1.31	5.24017703533173	1.31	-6.20091889891773
1.315	5.28523445874453	1.315	-6.06601854180917
1.32	5.51052157580852	1.32	-5.97608497040346
1.325	6.50178489089012	1.325	-5.43648354196921
1.33	6.32155519723892	1.33	-5.57138389907777
1.335	6.36661262065172	1.335	-5.93111818470061
1.34	6.59189973771572	1.34	-5.8411846132949
1.345	6.00615323334932	1.345	-6.56065318454057
1.35	6.00615323334932	1.35	-6.65058675594628
1.355	5.87098096311092	1.355	-6.9203874701634
1.36	5.82592353969812	1.36	-6.87542068446055
1.365	6.63695716112852	1.365	-6.20091889891773
1.37	7.13258881866932	1.37	-6.02105175610632
1.375	6.32155519723892	1.375	-6.87542068446055
1.38	6.45672746747732	1.38	-6.60561997024342
1.385	7.13258881866932	1.385	-6.24588568462059
1.39	6.41167004406452	1.39	-7.01032104156911
1.395	6.27649777382612	1.395	-7.23515497008339
1.4	6.05121065676212	1.4	-7.37005532719195
1.405	6.18638292700052	1.405	-7.10025461297482
1.41	6.90730170160532	1.41	-6.51568639883772
1.415	7.17764624208212	1.415	-6.51568639883772
1.42	7.22270366549492	1.42	-6.51568639883772
1.425	6.50178489089012	1.425	-7.19018818438053
1.43	7.13258881866932	1.43	-6.65058675594628
1.435	6.50178489089012	1.435	-7.23515497008339
1.44	6.36661262065172	1.44	-7.37005532719195
1.445	6.23144035041332	1.445	-7.45998889859766
1.45	6.00615323334932	1.45	-7.45998889859766
1.455	6.18638292700052	1.455	-7.14522139867768
1.46	6.81718685477972	1.46	-6.51568639883772
1.465	7.17764624208212	1.465	-6.38078604172915
1.47	6.99741654843092	1.47	-6.38078604172915
1.475	6.99741654843092	1.475	-6.56065318454057
1.48	6.77212943136692	1.48	-6.65058675594628
1.485	6.23144035041332	1.485	-7.10025461297482
1.49	6.05121065676212	1.49	-7.19018818438053
1.495	5.82592353969812	1.495	-7.23515497008339
1.5	5.69075126945972	1.5	-7.05528782727197
1.505	5.91603838652372	1.505	-6.69555354164913
1.51	6.86224427819252	1.51	-5.97608497040346
1.515	6.45672746747732	1.515	-6.24588568462059
1.52	5.82592353969812	1.52	-6.65058675594628
1.525	5.78086611628532	1.525	-6.65058675594628
1.53	5.64569384604692	1.53	-6.74052032735199
1.535	5.42040672898293	1.535	-6.78548711305484
1.54	5.10500476509333	1.54	-6.65058675594628
1.545	5.33029188215733	1.545	-6.24588568462059
1.55	6.14132550358772	1.55	-5.52641711337492
1.555	5.46546415239573	1.555	-6.02105175610632
1.56	5.15006218850613	1.56	-6.20091889891773
1.565	4.87971764802933	1.565	-6.29085247032344
1.57	4.60937310755253	1.57	-6.20091889891773
1.575	4.47420083731413	1.575	-5.97608497040346
1.58	4.78960280120373	1.58	-5.39151675626636
1.585	5.15006218850613	1.585	-4.98681568494067
1.59	4.60937310755253	1.59	-5.48145032767206
1.595	4.47420083731413	1.595	-5.39151675626636
1.6	4.15879887342453	1.6	-5.48145032767206
1.605	3.97856917977333	1.605	-5.43648354196921
1.61	3.88845433294773	1.61	-5.03178247064352
1.615	4.33902856707573	1.615	-4.3572806851007
1.62	3.93351175636053	1.62	-4.80694854212925
1.625	3.79833948612213	1.625	-4.67204818502069
1.63	3.57305236905813	1.63	-4.58211461361498
1.635	3.48293752223253	1.635	-4.49218104220927
1.64	3.03236328810453	1.64	-4.53714782791212
1.645	2.76201874762774	1.645	-4.3572806851007
1.65	3.16753555834293	1.65	-3.63781211385503
1.655	3.43788009881973	1.655	-3.14317747112364
1.66	3.48293752223253	1.66	-3.14317747112364
1.665	2.71696132421494	1.665	-3.45794497104362
1.67	2.40155936032534	1.67	-3.54787854244933
1.675	2.22132966667414	1.675	-3.50291175674647
1.68	1.86087027937174	1.68	-3.36801139963791
1.685	1.81581285595894	1.685	-2.96331032831222
1.69	1.59052573889494	1.69	-3.05324389971793
1.695	1.41029604524374	1.695	-2.7834431855008
1.7	1.68064058572054	1.7	-2.19887497136369
1.705	1.86087027937174	1.705	-1.74920711433515
1.71	1.41029604524374	1.71	-2.06397461425513
1.715	1.23006635159254	1.715	-2.01900782855228
1.72	0.779492117464542	1.72	-2.10894139995798
1.725	0.554205000400543	1.725	-1.97404104284942
1.73	0.283860459923744	1.73	-1.7042403286323
1.735	0.373975306749344	1.735	-1.29953925730661
1.74	0.464090153574944	1.74	-0.849871400278062
1.745	0.554205000400543	1.745	-0.535103900358081
1.75	0.824549540877342	1.75	-0.2203364004381
1.755	0.148688189685345	1.755	-0.490137114655226
1.76	-0.256828621029854	1.76	-0.670004257466644
1.765	-0.572230584919453	1.765	-0.670004257466644
1.77	-0.707402855157852	1.77	-0.2203364004381
1.775	-0.527173161506653	1.775	0.364231813699007
1.78	-0.797517701983452	1.78	0.139397885184735
1.785	-1.02280481904745	1.785	0.139397885184735
1.79	-1.51843647658825	1.79	0.0944310994818807
1.795	-1.74372359365225	1.795	0.364231813699007
1.8	-0.932689972221851	1.8	1.48840145627037
1.805	-0.752460278570652	1.805	1.66826859908178
1.81	-1.15797708928585	1.81	1.75820217048749
1.815	-1.20303451269865	1.815	1.89310252759606
1.82	-1.96901071071625	1.82	1.44343467056751
1.825	-2.23935525119305	1.825	1.53336824197322
1.83	-2.78004433214664	1.83	1.44343467056751
1.835	-2.87015917897224	1.835	1.66826859908178
1.84	-2.32947009801865	1.84	2.56760431313887
1.845	-1.96901071071625	1.845	3.01727217016742
1.85	-2.50969979166985	1.85	2.79243824165314
1.855	-2.96027402579784	1.855	2.61257109884173
1.86	-3.27567598968744	1.86	2.61257109884173
1.865	-3.59107795357704	1.865	2.65753788454458
1.87	-3.63613537698984	1.87	2.837405027356
1.875	-3.99659476429224	1.875	2.837405027356
1.88	-3.59107795357704	1.88	3.8266743128188
1.885	-3.36579083651304	1.885	4.14144181273878
1.89	-3.68119280040264	1.89	3.87164109852165
1.895	-4.17682445794344	1.895	3.69177395571023
1.9	-4.58234126865864	1.9	3.60184038430452
1.905	-4.76257096230984	1.905	3.69177395571023
1.91	-4.94280065596104	1.91	3.96157466992736
1.915	-4.89774323254824	1.915	4.32130895555019
1.92	-3.81636507064104	1.92	5.31057824101299
1.925	-4.44716899842024	1.925	4.9058771696873
1.93	-5.12303034961224	1.93	4.45620931265876
1.935	-5.25820261985064	1.935	4.59110966976732
1.94	-5.43843231350183	1.94	4.72601002687588
1.945	-5.70877685397863	1.945	4.77097681257874
1.95	-4.53728384524584	1.95	5.98508002655581
1.955	-5.12303034961224	1.955	5.67031252663583
1.96	-5.48348973691463	1.96	5.49044538382441
1.965	-5.66371943056583	1.965	5.53541216952726
1.97	-5.79889170080423	1.97	5.67031252663583
1.975	-5.97912139445543	1.975	5.58037895523012
1.98	-6.24946593493223	1.98	5.53541216952726
1.985	-6.42969562858343	1.985	5.80521288374439
1.99	-6.56486789882183	1.99	5.80521288374439
1.995	-6.42969562858343	1.995	6.16494716936722
2	-6.20440851151943	2	6.20991395507008
2.005	-6.38463820517063	2.005	6.20991395507008
2.01	-6.60992532223463	2.01	6.11998038366437
2.015	-6.92532728612423	2.015	6.11998038366437
2.02	-6.11429366469383	2.02	7.10924966912717
2.025	-5.75383427739143	2.025	7.33408359764144
2.03	-6.29452335834503	2.03	7.15421645483002
2.035	-5.93406397104263	2.035	7.46898395475
2.04	-6.42969562858343	2.04	6.9743493120186
2.045	-6.70004016906023	2.045	6.83944895491004
2.05	-7.10555697977543	2.05	6.47971466928721
2.055	-7.19567182660103	2.055	6.52468145499006
2.06	-7.28578667342663	2.06	6.70454859780148
2.065	-6.92532728612423	2.065	7.19918324053288
2.07	-6.97038470953703	2.07	7.24415002623573
2.075	-6.51981047540903	2.075	7.64885109756142
2.08	-6.47475305199623	2.08	7.51395074045286
2.085	-6.88026986271143	2.085	7.15421645483002
2.09	-6.92532728612423	2.09	7.06428288342431
2.095	-6.97038470953703	2.095	7.10924966912717
2.1	-7.28578667342663	2.1	7.06428288342431
2.105	-7.06049955636263	2.105	7.37905038334429
2.11	-5.97912139445543	2.11	8.05355216888711
2.115	-6.38463820517063	2.115	7.69381788326427
2.12	-6.92532728612423	2.12	7.06428288342431
2.125	-6.97038470953703	2.125	7.01931609772146
2.13	-7.15061440318823	2.13	6.83944895491004
2.135	-7.19567182660103	2.135	6.74951538350433
2.14	-7.01544213294983	2.14	7.10924966912717
2.145	-6.65498274564743	2.145	7.46898395475
2.15	-6.74509759247303	2.15	6.9743493120186
2.155	-6.83521243929863	2.155	6.88441574061289
2.16	-7.01544213294983	2.16	6.74951538350433
2.165	-6.92532728612423	2.165	6.83944895491004
2.17	-6.20440851151943	2.17	7.42401716904715
2.175	-5.84394912421703	2.175	7.51395074045286
2.18	-6.47475305199623	2.18	6.61461502639577
2.185	-6.47475305199623	2.185	6.56964824069291
2.19	-6.79015501588583	2.19	6.29984752647579
2.195	-6.74509759247303	2.195	6.29984752647579
2.2	-5.57360458374023	2.2	7.06428288342431
2.205	-5.84394912421703	2.205	6.70454859780148
2.21	-6.11429366469383	2.21	6.25488074077293
2.215	-6.11429366469383	2.215	6.11998038366437
2.22	-6.02417881786823	2.22	6.34481431217864
2.225	-5.93406397104263	2.225	6.29984752647579
2.23	-5.79889170080423	2.23	6.20991395507008
2.235	-5.61866200715303	2.235	6.16494716936722
2.24	-5.48348973691463	2.24	5.94011324085295
2.245	-5.43843231350183	2.245	5.76024609804153
2.25	-5.43843231350183	2.25	5.44547859812155
2.255	-5.43843231350183	2.255	5.31057824101299
2.26	-5.43843231350183	2.26	5.4005118124187
2.265	-5.34831746667623	2.265	5.17567788390443
2.27	-5.16808777302504	2.27	5.22064466960728
2.275	-5.16808777302504	2.275	4.9058771696873
2.28	-3.99659476429224	2.28	5.67031252663583
2.285	-3.77130764722824	2.285	5.58037895523012
2.29	-4.40211157500744	2.29	4.72601002687588
2.295	-4.35705415159464	2.295	4.50117609836161
2.3	-4.62739869207144	2.3	4.05150824133307
2.305	-4.44716899842024	2.305	4.00654145563021
2.31	-4.31199672818184	2.31	4.00654145563021
2.315	-4.22188188135624	2.315	3.8266743128188
2.32	-2.87015917897224	2.32	4.63607645547017
2.325	-2.73498690873384	2.325	4.54614288406447
2.33	-3.32073341310024	2.33	3.60184038430452
2.335	-3.23061856627464	2.335	3.46694002719596
2.34	-3.23061856627464	2.34	3.19713931297883
2.345	-3.14050371944904	2.345	2.97230538446456
2.35	-2.96027402579784	2.35	2.79243824165314
2.355	-2.78004433214664	2.355	2.70250467024744
2.36	-2.96027402579784	2.36	2.43270395603031
2.365	-2.82510175555944	2.365	2.20787002751604
2.37	-1.60855132341385	2.37	3.10720574157313
2.375	-1.47337905317545	2.375	2.97230538446456
2.38	-1.65360874682665	2.38	2.3427703846246
2.385	-1.56349390000105	2.385	2.16290324181318
2.39	-1.60855132341385	2.39	1.66826859908178
2.395	-1.56349390000105	2.395	1.48840145627037
2.4	-1.74372359365225	2.4	1.21860074205324
2.405	-1.69866617023945	2.405	0.948800027836114
2.41	-0.346943467855454	2.41	1.8481357418932
2.415	-0.437058314681053	2.415	1.57833502767608
2.42	0.148688189685345	2.42	1.66826859908178
2.425	0.0135159194469452	2.425	1.21860074205324
2.43	-0.572230584919453	2.43	0.229331456590444
2.435	-0.392000891268253	2.435	0.0494643137790263
2.44	-0.211771197617054	2.44	0.319265027996153
2.445	-0.346943467855454	2.445	-0.265303186140954
2.45	0.824549540877342	2.45	0.544098956510425
2.455	0.509147576987743	2.455	-0.0404692576266825
2.46	0.509147576987743	2.46	-0.670004257466644
2.465	0.644319847226143	2.465	-0.759937828872353
2.47	0.824549540877342	2.47	-0.849871400278062
2.475	1.04983665794134	2.475	-0.984771757386625
2.48	0.869606964290142	2.48	-1.52437318582088
2.485	1.09489408135414	2.485	-1.52437318582088
2.49	1.41029604524374	2.49	-1.34450604300946
2.495	1.27512377500534	2.495	-1.7042403286323
2.5	1.68064058572054	2.5	-1.92907425714657
2.505	1.81581285595894	2.505	-2.06397461425513
2.51	1.81581285595894	2.51	-2.10894139995798
2.515	1.72569800913334	2.515	-2.69350961409509
2.52	3.21259298175573	2.52	-1.61430675722659
2.525	2.40155936032534	2.525	-2.46867568558082
2.53	3.03236328810453	2.53	-2.10894139995798
2.535	2.49167420715094	2.535	-2.87337675690651
2.54	2.76201874762774	2.54	-3.2780778282322
2.545	2.98730586469173	2.545	-3.2780778282322
2.55	2.58178905397654	2.55	-3.86264604236931
2.555	3.03236328810453	2.555	-3.7727124709636
2.56	4.15879887342453	2.56	-2.87337675690651
2.565	3.39282267540693	2.565	-3.72774568526074
2.57	3.84339690953493	2.57	-3.81767925666645
2.575	4.56431568413973	2.575	-3.36801139963791
2.58	3.34776525199413	2.58	-4.76198175642639
2.585	3.93351175636053	2.585	-4.62708139931783
2.59	3.79833948612213	2.59	-4.62708139931783
2.595	3.79833948612213	2.595	-4.94184889923781
2.6	4.87971764802933	2.6	-4.3572806851007
2.605	4.92477507144213	2.605	-4.31231389939785
2.61	4.47420083731413	2.61	-5.16668282775208
2.615	4.83466022461653	2.615	-5.03178247064352
2.62	4.38408599048853	2.62	-5.39151675626636
2.625	4.47420083731413	2.625	-5.75125104188919
2.63	5.55557899922132	2.63	-4.8519153278321
2.635	5.19511961191893	2.635	-5.25661639915779
2.64	5.10500476509333	2.64	-5.79621782759204
2.645	6.00615323334932	2.645	-5.12171604204923
2.65	5.05994734168053	2.65	-6.24588568462059
2.655	5.37534930557013	2.655	-6.06601854180917
2.66	5.28523445874453	2.66	-6.02105175610632
2.665	5.15006218850613	2.665	-6.47071961313486
2.67	6.36661262065172	2.67	-5.57138389907777
2.675	5.78086611628532	2.675	-5.93111818470061
2.68	5.91603838652372	2.68	-6.3358192560263
2.685	6.32155519723892	2.685	-5.88615139899775
2.69	6.05121065676212	2.69	-6.47071961313486
2.695	6.68201458454132	2.695	-5.88615139899775
2.7	5.82592353969812	2.7	-6.9203874701634
2.705	6.00615323334932	2.705	-6.8304538987577
2.71	5.64569384604692	2.71	-7.32508854148909
2.715	6.05121065676212	2.715	-6.87542068446055
2.72	5.73580869287252	2.72	-7.19018818438053
2.725	5.82592353969812	2.725	-7.32508854148909
2.73	6.90730170160532	2.73	-6.47071961313486
2.735	6.45672746747732	2.735	-6.56065318454057
2.74	6.09626808017492	2.74	-7.37005532719195
2.745	6.77212943136692	2.745	-6.69555354164913
2.75	6.18638292700052	2.75	-7.32508854148909
2.755	6.41167004406452	2.755	-7.10025461297482
2.76	5.87098096311092	2.76	-7.50495568430051
2.765	6.14132550358772	2.765	-7.4150221128948
2.77	6.86224427819252	2.77	-6.65058675594628
2.775	6.00615323334932	2.775	-7.32508854148909
2.78	6.14132550358772	2.78	-7.45998889859766
2.785	6.86224427819252	2.785	-6.8304538987577
2.79	6.27649777382612	2.79	-7.32508854148909
2.795	6.32155519723892	2.795	-7.28012175578624
2.8	6.32155519723892	2.8	-6.87542068446055
2.805	5.82592353969812	2.805	-7.50495568430051
2.81	6.27649777382612	2.81	-7.19018818438053
2.815	6.99741654843092	2.815	-6.42575282743201
2.82	5.96109580993652	2.82	-7.37005532719195
2.825	6.09626808017492	2.825	-7.19018818438053
2.83	5.96109580993652	2.83	-6.9203874701634
2.835	5.69075126945972	2.835	-7.32508854148909
2.84	6.99741654843092	2.84	-5.93111818470061
2.845	5.64569384604692	2.845	-7.01032104156911
2.85	6.77212943136692	2.85	-6.02105175610632
2.855	5.51052157580852	2.855	-6.8304538987577
2.86	5.82592353969812	2.86	-6.69555354164913
2.865	6.32155519723892	2.865	-5.97608497040346
2.87	5.46546415239573	2.87	-6.87542068446055
2.875	5.87098096311092	2.875	-6.24588568462059
2.88	5.15006218850613	2.88	-6.69555354164913
2.885	5.33029188215733	2.885	-6.51568639883772
2.89	5.60063642263412	2.89	-5.75125104188919
2.895	4.78960280120373	2.895	-6.47071961313486
2.9	5.19511961191893	2.9	-6.24588568462059
2.905	5.87098096311092	2.905	-5.25661639915779
2.91	4.87971764802933	2.91	-6.11098532751203
2.915	4.87971764802933	2.915	-5.8411846132949
2.92	5.37534930557013	2.92	-5.03178247064352
2.925	4.38408599048853	2.925	-5.97608497040346
2.93	5.24017703533173	2.93	-4.89688211353496
2.935	4.29397114366293	2.935	-5.39151675626636
2.94	3.88845433294773	2.94	-5.61635068478063
2.945	4.24891372025013	2.945	-5.25661639915779
2.95	4.02362660318613	2.95	-4.8519153278321
2.955	3.97856917977333	2.955	-5.16668282775208
2.96	4.38408599048853	2.96	-4.53714782791212
2.965	3.61810979247093	2.965	-4.62708139931783
2.97	3.66316721588373	2.97	-4.71701497072354
2.975	4.29397114366293	2.975	-3.86264604236931
2.98	3.30270782858133	2.98	-4.53714782791212
2.985	3.61810979247093	2.985	-3.95257961377502
2.99	2.98730586469173	2.99	-4.22238032799214
2.995	2.98730586469173	2.995	-3.99754639947787
3	3.43788009881973	3	-3.23311104252934
3.005	2.67190390080214	3.005	-3.41297818534076
3.01	2.67190390080214	3.01	-3.50291175674647
3.015	2.98730586469173	3.015	-2.64854282839224
3.02	1.90592770278454	3.02	-3.36801139963791
3.025	2.26638709008694	3.025	-3.00827711401507
3.03	1.72569800913334	3.03	-2.91834354260936
3.035	1.99604254961014	3.035	-2.69350961409509
3.04	1.99604254961014	3.04	-2.10894139995798
3.045	1.23006635159254	3.045	-2.64854282839224
3.05	1.59052573889494	3.05	-2.24384175706655
3.055	2.08615739643574	3.055	-1.25457247160375
3.06	0.914664387702942	3.06	-2.15390818566084
3.065	1.09489408135414	3.065	-1.65927354292944
3.07	0.554205000400543	3.07	-1.74920711433515
3.075	0.824549540877342	3.075	-1.34450604300946
3.08	0.283860459923744	3.08	-1.25457247160375
3.085	0.464090153574944	3.085	-1.11967211449519
3.09	0.914664387702942	3.09	-0.175369614735246
3.095	-0.121656350791454	3.095	-0.984771757386625
3.1	0.599262423813343	3.1	0.139397885184735
3.105	-0.437058314681053	3.105	-0.62503747176379
3.11	-0.0765989273786545	3.11	0.00449752807617188
3.115	-0.301886044442654	3.115	0.364231813699007
3.12	-0.617288008332253	3.12	0.0494643137790263
3.125	-0.166713774204254	3.125	0.723966099321842
3.13	-1.11291966587305	3.13	0.184364670887589
3.135	-0.752460278570652	3.135	0.858866456430405
3.14	-1.47337905317545	3.14	0.768932885024697
3.145	-1.29314935952425	3.145	0.948800027836114
3.15	-0.707402855157852	3.15	1.98303609900177
3.155	-2.01406813412905	3.155	1.17363395635039
3.16	-1.29314935952425	3.16	1.8481357418932
3.165	-2.01406813412905	3.165	1.89310252759606
3.17	-2.05912555754185	3.17	1.80316895619035
3.175	-2.10418298095465	3.175	2.29780359892175
3.18	-2.55475721508265	3.18	1.93806931329891
3.185	-2.55475721508265	3.185	2.20787002751604
3.19	-1.78878101706505	3.19	3.3320396700874
3.195	-3.23061856627464	3.195	2.29780359892175
3.2	-3.05038887262344	3.2	2.56760431313887
3.205	-2.78004433214664	3.205	3.15217252727598
3.21	-3.59107795357704	3.21	2.88237181305885
3.215	-3.45590568333864	3.215	3.10720574157313
3.22	-3.95153734087944	3.22	3.10720574157313
3.225	-3.72625022381544	3.225	3.37700645579025
3.23	-3.32073341310024	3.23	4.27634216984734
3.235	-4.26693930476904	3.235	3.51190681289881
3.24	-4.13176703453064	3.24	3.73674074141309
3.245	-3.32073341310024	3.245	4.86091038398445
3.25	-4.62739869207144	3.25	4.09647502703592
3.255	-4.35705415159464	3.255	4.32130895555019
3.26	-3.59107795357704	3.26	5.44547859812155
3.265	-5.03291550278664	3.265	4.32130895555019
3.27	-4.67245611548424	3.27	4.81594359828159
3.275	-4.35705415159464	3.275	5.58037895523012
3.28	-5.03291550278664	3.28	4.86091038398445
3.285	-4.98785807937384	3.285	5.08574431249872
3.29	-4.85268580913544	3.29	5.80521288374439
3.295	-5.43843231350183	3.295	5.13071109820157
3.3	-5.43843231350183	3.3	5.35554502671585
3.305	-4.94280065596104	3.305	6.25488074077293
3.31	-5.61866200715303	3.31	5.58037895523012
3.315	-5.52854716032743	3.315	5.85017966944724
3.32	-5.97912139445543	3.32	5.98508002655581
3.325	-5.97912139445543	3.325	5.71527931233868
3.33	-5.12303034961224	3.33	6.74951538350433
3.335	-6.38463820517063	3.335	5.8951464551501
3.34	-6.29452335834503	3.34	5.98508002655581
3.345	-5.57360458374023	3.345	6.74951538350433
3.35	-6.33958078175783	3.35	6.56964824069291
3.355	-6.29452335834503	3.355	6.3897810978815
3.36	-5.97912139445543	3.36	6.74951538350433
3.365	-6.56486789882183	3.365	6.61461502639577
3.37	-6.47475305199623	3.37	6.52468145499006
3.375	-5.97912139445543	3.375	7.15421645483002
3.38	-6.74509759247303	3.38	6.61461502639577
3.385	-6.56486789882183	3.385	6.79448216920719
3.39	-6.02417881786823	3.39	7.78375145466998
3.395	-6.83521243929863	3.395	6.70454859780148
3.4	-6.65498274564743	3.4	6.92938252631575
3.405	-6.97038470953703	3.405	7.06428288342431
3.41	-6.92532728612423	3.41	6.88441574061289
3.415	-6.33958078175783	3.415	7.37905038334429
3.42	-7.01544213294983	3.42	7.15421645483002
3.425	-6.74509759247303	3.425	7.10924966912717
3.43	-6.60992532223463	3.43	7.55891752615571
3.435	-6.97038470953703	3.435	6.88441574061289
3.44	-6.92532728612423	3.44	7.01931609772146
3.445	-6.51981047540903	3.445	7.69381788326427
3.45	-7.28578667342663	3.45	6.65958181209862
3.455	-6.20440851151943	3.455	7.64885109756142
3.46	-7.06049955636263	3.46	7.24415002623573
3.465	-6.79015501588583	3.465	7.01931609772146
3.47	-5.93406397104263	3.47	7.9636185974814
3.475	-7.01544213294983	3.475	6.83944895491004
3.48	-6.79015501588583	3.48	6.9743493120186
3.485	-6.56486789882183	3.485	7.42401716904715
3.49	-7.15061440318823	3.49	6.56964824069291
3.495	-6.15935108810663	3.495	7.42401716904715
3.5	-6.38463820517063	3.5	7.37905038334429
3.505	-6.83521243929863	3.505	6.61461502639577
3.51	-6.38463820517063	3.51	6.92938252631575
3.515	-6.88026986271143	3.515	6.61461502639577
3.52	-6.56486789882183	3.52	6.61461502639577
3.525	-6.11429366469383	3.525	7.19918324053288
3.53	-6.74509759247303	3.53	6.16494716936722
3.535	-5.61866200715303	3.535	7.33408359764144
3.54	-6.70004016906023	3.54	6.16494716936722
3.545	-6.11429366469383	3.545	6.3897810978815
3.55	-5.97912139445543	3.55	6.79448216920719
3.555	-6.29452335834503	3.555	6.03004681225866
3.56	-5.39337489008903	3.56	6.61461502639577
3.565	-6.29452335834503	3.565	5.85017966944724
3.57	-5.97912139445543	3.57	5.80521288374439
3.575	-4.89774323254824	3.575	6.61461502639577
3.58	-5.97912139445543	3.58	5.62534574093297
3.585	-5.48348973691463	3.585	5.67031252663583
3.59	-4.40211157500744	3.59	6.70454859780148
3.595	-5.70877685397863	3.595	5.17567788390443
3.6	-5.07797292619944	3.6	5.44547859812155
3.605	-5.48348973691463	3.605	5.13071109820157
3.61	-4.44716899842024	3.61	5.76024609804153
3.615	-5.21314519643784	3.615	4.99581074109301
3.62	-4.71751353889704	3.62	5.13071109820157
3.625	-4.67245611548424	3.625	5.08574431249872
3.63	-4.58234126865864	3.63	4.54614288406447
3.635	-4.67245611548424	3.635	4.59110966976732
3.64	-4.26693930476904	3.64	4.4112425269559
3.645	-4.17682445794344	3.645	4.27634216984734
3.65	-3.72625022381544	3.65	4.68104324117303
3.655	-4.26693930476904	3.655	3.69177395571023
3.66	-3.86142249405384	3.66	3.8266743128188
3.665	-3.00533144921064	3.665	4.54614288406447
3.67	-3.81636507064104	3.67	3.28707288438454
3.675	-2.64487206190825	3.675	4.18640859844163
3.68	-3.41084825992584	3.68	3.15217252727598
3.685	-3.09544629603624	3.685	3.24210609868169
3.69	-2.01406813412905	3.69	4.05150824133307
3.695	-3.00533144921064	3.695	2.61257109884173
3.7	-2.19429782778025	3.7	3.10720574157313
3.705	-3.05038887262344	3.705	2.25283681321889
3.71	-2.37452752143145	3.71	2.43270395603031
3.715	-2.50969979166985	3.715	2.25283681321889
3.72	-2.46464236825705	3.72	1.66826859908178
3.725	-1.38326420634985	3.725	2.52263752743602
3.73	-2.46464236825705	3.73	1.48840145627037
3.735	-1.65360874682665	3.735	1.53336824197322
3.74	-1.96901071071625	3.74	1.30853431345895
3.745	-1.42832162976265	3.745	1.21860074205324
3.75	-1.42832162976265	3.75	1.08370038494468
3.755	-1.15797708928585	3.755	0.813899670727551
3.76	-0.346943467855454	3.76	1.39846788486466
3.765	-1.11291966587305	3.765	0.589065742213279
3.77	-1.11291966587305	3.77	-0.0854360433295369
3.775	-0.662345431745052	3.775	0.364231813699007
3.78	-0.572230584919453	3.78	-0.2203364004381
3.785	0.554205000400543	3.785	0.544098956510425
3.79	-0.346943467855454	3.79	-0.490137114655226
3.795	0.103630766272545	3.795	-0.490137114655226
3.8	0.238803036510944	3.8	-0.265303186140954
3.805	0.193745613098145	3.805	-1.02973854308948
3.81	1.68064058572054	3.81	0.274298242293298
3.815	0.599262423813343	3.815	-1.25457247160375
3.82	0.959721811115742	3.82	-1.2096056859009
3.825	0.824549540877342	3.825	-1.34450604300946
3.83	0.599262423813343	3.83	-2.19887497136369
3.835	1.77075543254614	3.835	-1.11967211449519
3.84	0.914664387702942	3.84	-2.37874211417511
3.845	1.59052573889494	3.845	-2.06397461425513
3.85	2.35650193691254	3.85	-1.47940640011802
3.855	1.45535346865654	3.855	-2.73847639979795
3.86	2.04109997302294	3.86	-2.64854282839224
3.865	2.49167420715094	3.865	-2.15390818566084
3.87	2.04109997302294	3.87	-3.00827711401507
3.875	2.49167420715094	3.875	-3.05324389971793
3.88	3.25765040516853	3.88	-2.73847639979795
3.885	2.44661678373814	3.885	-3.63781211385503
3.89	3.52799494564533	3.89	-2.91834354260936
3.895	2.53673163056374	3.895	-3.90761282807216
3.9	3.52799494564533	3.9	-3.41297818534076
3.905	3.12247813493013	3.905	-3.72774568526074
3.91	3.39282267540693	3.91	-4.22238032799214
3.915	4.24891372025013	3.915	-3.41297818534076
3.92	3.57305236905813	3.92	-4.3572806851007
3.925	3.75328206270933	3.925	-4.53714782791212
3.93	3.34776525199413	3.93	-4.94184889923781
3.935	3.97856917977333	3.935	-4.71701497072354
3.94	4.92477507144213	3.94	-4.17741354228929
3.945	3.97856917977333	3.945	-5.25661639915779
3.95	4.42914341390133	3.95	-5.16668282775208
3.955	4.15879887342453	3.955	-5.16668282775208
3.96	4.02362660318613	3.96	-5.79621782759204
3.965	4.29397114366293	3.965	-5.52641711337492
3.97	5.10500476509333	3.97	-5.43648354196921
3.975	4.87971764802933	3.975	-5.25661639915779
3.98	4.51925826072693	3.98	-6.06601854180917
3.985	5.10500476509333	3.985	-5.75125104188919
3.99	5.19511961191893	3.99	-5.61635068478063
3.995	5.15006218850613	3.995	-6.06601854180917
4	5.33029188215733	4	-6.06601854180917
4.005	5.05994734168053	4.005	-6.51568639883772
4.01	5.82592353969812	4.01	-6.24588568462059
4.015	5.05994734168053	4.015	-6.51568639883772
4.02	5.51052157580852	4.02	-6.69555354164913
4.025	6.05121065676212	4.025	-6.20091889891773
4.03	5.37534930557013	4.03	-6.42575282743201
4.035	5.87098096311092	4.035	-6.56065318454057
4.04	5.82592353969812	4.04	-6.51568639883772
4.045	5.69075126945972	4.045	-6.96535425586626
4.05	6.45672746747732	4.05	-6.24588568462059
4.055	5.82592353969812	4.055	-6.78548711305484
4.06	5.60063642263412	4.06	-6.87542068446055
4.065	6.05121065676212	4.065	-7.01032104156911
4.07	6.32155519723892	4.07	-6.74052032735199
4.075	5.87098096311092	4.075	-7.32508854148909
4.08	5.55557899922132	4.08	-7.77475639851764
4.085	6.23144035041332	4.085	-6.8304538987577
4.09	5.60063642263412	4.09	-7.86468996992335
4.095	6.95235912501812	4.095	-6.51568639883772
4.1	5.60063642263412	4.1	-7.4150221128948
4.105	6.27649777382612	4.105	-7.19018818438053
4.11	6.00615323334932	4.11	-7.23515497008339
4.115	6.09626808017492	4.115	-7.45998889859766
4.12	6.18638292700052	4.12	-7.54992247000337
4.125	5.87098096311092	4.125	-7.4150221128948
4.13	6.27649777382612	4.13	-7.14522139867768
4.135	6.41167004406452	4.135	-6.78548711305484
4.14	5.28523445874453	4.14	-7.81972318422049
4.145	6.50178489089012	4.145	-6.9203874701634
4.15	7.26776108890772	4.15	-6.29085247032344
4.155	6.09626808017492	4.155	-7.32508854148909
4.16	7.17764624208212	4.16	-5.88615139899775
4.165	6.00615323334932	4.165	-7.19018818438053
4.17	6.59189973771572	4.17	-6.56065318454057
4.175	5.78086611628532	4.175	-7.23515497008339
4.18	5.87098096311092	4.18	-7.32508854148909
4.185	5.55557899922132	4.185	-7.23515497008339
4.19	6.18638292700052	4.19	-6.47071961313486
4.195	5.42040672898293	4.195	-7.10025461297482
4.2	4.74454537779093	4.2	-7.72978961281478
4.205	5.82592353969812	4.205	-6.29085247032344
4.21	4.92477507144213	4.21	-7.54992247000337
4.215	6.45672746747732	4.215	-5.75125104188919
4.22	6.14132550358772	4.22	-5.97608497040346
4.225	5.42040672898293	4.225	-6.42575282743201
4.23	4.92477507144213	4.23	-6.29085247032344
4.235	4.92477507144213	4.235	-6.51568639883772
4.24	4.56431568413973	4.24	-6.69555354164913
4.245	5.33029188215733	4.245	-5.57138389907777
4.25	4.33902856707573	4.25	-6.8304538987577
4.255	5.69075126945972	4.255	-5.21164961345494
4.26	4.78960280120373	4.26	-5.39151675626636
4.265	4.92477507144213	4.265	-5.61635068478063
4.27	5.05994734168053	4.27	-5.07674925634638
4.275	4.60937310755253	4.275	-5.39151675626636
4.28	5.28523445874453	4.28	-4.62708139931783
4.285	4.29397114366293	4.285	-5.3465499705635
4.29	5.73580869287252	4.29	-3.23311104252934
4.295	4.06868402659893	4.295	-5.07674925634638
4.3	3.93351175636053	4.3	-4.58211461361498
4.305	3.75328206270933	4.305	-4.62708139931783
4.31	2.58178905397654	4.31	-5.16668282775208
4.315	4.60937310755253	4.315	-3.54787854244933
4.32	4.20385629683733	4.32	-3.72774568526074
4.325	3.57305236905813	4.325	-4.08747997088358
4.33	2.85213359445333	4.33	-4.13244675658643
4.335	3.16753555834293	4.335	-3.95257961377502
4.34	2.53673163056374	4.34	-3.95257961377502
4.345	2.67190390080214	4.345	-3.68277889955789
4.35	3.07742071151733	4.35	-3.41297818534076
4.355	3.52799494564533	4.355	-2.37874211417511
4.36	1.99604254961014	4.36	-3.00827711401507
4.365	2.85213359445333	4.365	-2.2888085427694
4.37	1.90592770278454	4.37	-2.82840997120366
4.375	2.89719101786613	4.375	-2.01900782855228
4.38	0.644319847226143	4.38	-3.50291175674647
4.385	1.90592770278454	4.385	-2.24384175706655
4.39	3.97856917977333	4.39	-0.0854360433295369
4.395	1.68064058572054	4.395	-1.97404104284942
4.4	1.45535346865654	4.4	-1.47940640011802
4.405	1.09489408135414	4.405	-1.83914068574086
4.41	0.779492117464542	4.41	-1.61430675722659
4.415	0.599262423813343	4.415	-1.61430675722659
4.42	-0.662345431745052	4.42	-2.42370889987797
4.425	1.45535346865654	4.425	-0.2203364004381
4.43	1.32018119841814	4.43	-0.130402829032391
4.435	1.18500892817974	4.435	0.184364670887589
4.44	1.63558316230774	4.44	0.589065742213279
4.445	0.148688189685345	4.445	-0.355236757546663
4.45	0.283860459923744	4.45	0.409198599401861
4.455	-0.121656350791454	4.455	0.00449752807617188
4.46	1.27512377500534	4.46	1.8481357418932
4.465	-0.752460278570652	4.465	0.00449752807617188
4.47	-1.87889586389065	4.47	-0.265303186140954
4.475	-0.437058314681053	4.475	1.21860074205324
4.48	-1.83383844047785	4.48	-0.0404692576266825
4.485	-1.11291966587305	4.485	0.993766813538969
4.49	-2.19429782778025	4.49	0.139397885184735
4.495	-1.42832162976265	4.495	1.21860074205324
4.5	-1.60855132341385	4.5	1.48840145627037
4.505	-1.87889586389065	4.505	1.39846788486466
4.51	-2.19429782778025	4.51	2.3427703846246
4.515	-2.01406813412905	4.515	2.20787002751604
4.52	-2.28441267460585	4.52	2.20787002751604
4.525	-1.74372359365225	4.525	2.74747145595029
4.53	-4.04165218770504	4.53	1.44343467056751
4.535	-2.55475721508265	4.535	2.56760431313887
4.54	-4.26693930476904	4.54	1.80316895619035
4.545	-3.09544629603624	4.545	2.61257109884173
4.55	-3.45590568333864	4.55	2.43270395603031
4.555	-3.50096310675144	4.555	2.97230538446456
4.56	-1.74372359365225	4.56	4.14144181273878
4.565	-2.55475721508265	4.565	4.32130895555019
4.57	-2.68992948532104	4.57	5.17567788390443
4.575	-3.54602053016424	4.575	3.87164109852165
4.58	-4.89774323254824	4.58	2.79243824165314
4.585	-3.86142249405384	4.585	4.05150824133307
4.59	-4.80762838572264	4.59	3.42197324149311
4.595	-4.49222642183304	4.595	4.05150824133307
4.6	-3.99659476429224	4.6	4.59110966976732
4.605	-3.90647991746664	4.605	5.26561145531014
4.61	-3.00533144921064	4.61	6.3897810978815
4.615	-4.04165218770504	4.615	5.35554502671585
4.62	-3.09544629603624	4.62	5.8951464551501
4.625	-4.98785807937384	4.625	4.9058771696873
4.63	-4.04165218770504	4.63	5.8951464551501
4.635	-5.34831746667623	4.635	5.22064466960728
4.64	-3.68119280040264	4.64	7.51395074045286
4.645	-4.71751353889704	4.645	6.03004681225866
4.65	-6.97038470953703	4.65	4.59110966976732
4.655	-5.48348973691463	4.655	5.62534574093297
4.66	-6.83521243929863	4.66	6.65958181209862
4.665	-5.70877685397863	4.665	5.85017966944724
4.67	-2.50969979166985	4.67	8.36831966880709
4.675	-6.20440851151943	4.675	5.8951464551501
4.68	-6.92532728612423	4.68	4.68104324117303
4.685	-5.16808777302504	4.685	7.01931609772146
4.69	-6.20440851151943	4.69	5.35554502671585
4.695	-5.61866200715303	4.695	6.79448216920719
4.7	-1.51843647658825	4.7	10.5267253825441
4.705	-6.29452335834503	4.705	6.43474788358435
4.71	-4.80762838572264	4.71	7.10924966912717
4.715	-6.83521243929863	4.715	6.43474788358435
4.72	-7.46601636707783	4.72	5.31057824101299
4.725	-5.70877685397863	4.725	7.51395074045286
4.73	-8.05176287144423	4.73	4.81594359828159
4.735	-6.51981047540903	4.735	6.83944895491004
4.74	-5.66371943056583	4.74	7.19918324053288
4.745	-7.06049955636263	4.745	6.70454859780148
4.75	-2.50969979166985	4.75	10.9763932395726
4.755	-6.02417881786823	4.755	7.78375145466998
4.76	-6.42969562858343	4.76	7.28911681193858
4.765	-6.74509759247303	4.765	6.9743493120186
4.77	-1.24809193611145	4.77	12.5951975248754
4.775	-6.79015501588583	4.775	6.9743493120186
4.78	-0.121656350791454	4.78	13.9891678816639
4.785	-6.65498274564743	4.785	7.46898395475
4.79	5.28523445874453	4.79	19.9697503801435
4.795	-6.33958078175783	4.795	7.46898395475
4.8	2.44661678373814	4.8	16.3724075239152
4.805	-7.01544213294983	4.805	6.79448216920719
4.81	0.058573342859745	4.81	13.8992343102582
4.815	-7.28578667342663	4.815	6.61461502639577
4.82	1.68064058572054	4.82	15.5630053812638
4.825	-6.06923624128103	4.825	7.55891752615571
4.83	-0.0765989273786545	4.83	13.7193671674468
4.835	-6.74509759247303	4.835	6.79448216920719
4.84	-0.301886044442654	4.84	13.2247325247154
4.845	-7.10555697977543	4.845	6.47971466928721
4.85	-3.14050371944904	4.85	10.3468582397327
4.855	-6.06923624128103	4.855	7.37905038334429
4.86	0.373975306749344	4.86	13.5844668103382
4.865	-6.42969562858343	4.865	6.56964824069291
4.87	-0.572230584919453	4.87	12.415330382064
4.875	-6.70004016906023	4.875	6.16494716936722
4.88	-2.78004433214664	4.88	10.0320907398127
4.885	-6.70004016906023	4.885	5.98508002655581
4.89	-1.51843647658825	4.89	10.9763932395726
4.895	-6.56486789882183	4.895	5.94011324085295
4.9	-5.79889170080423	4.9	6.43474788358435
4.905	-5.30326004326344	4.905	6.65958181209862
4.91	-5.16808777302504	4.91	6.65958181209862
4.915	-5.16808777302504	4.915	6.3897810978815
4.92	-1.87889586389065	4.92	9.58242288278416
4.925	-5.70877685397863	4.925	5.49044538382441
4.93	-4.76257096230984	4.93	6.25488074077293
4.935	-5.70877685397863	4.935	5.44547859812155
4.94	-4.26693930476904	4.94	6.47971466928721
4.945	-4.44716899842024	4.945	5.98508002655581
4.95	-4.44716899842024	4.95	5.94011324085295
4.955	-4.31199672818184	4.955	5.71527931233868
4.96	-4.35705415159464	4.96	5.4005118124187
4.965	-4.71751353889704	4.965	4.9058771696873
4.97	-4.67245611548424	4.97	4.63607645547017
4.975	-4.71751353889704	4.975	4.27634216984734
4.98	-4.53728384524584	4.98	4.32130895555019
4.985	-4.40211157500744	4.985	4.09647502703592
4.99	-4.35705415159464	4.99	3.9166078842245
4.995	-4.62739869207144	4.995	3.64680717000738
5	-4.04165218770504	5	3.8266743128188
5.005	-3.14050371944904	5.005	4.27634216984734
5.01	-3.77130764722824	5.01	3.46694002719596
5.015	-3.63613537698984	5.015	3.19713931297883
5.02	-3.63613537698984	5.02	3.19713931297883
5.025	-3.72625022381544	5.025	2.70250467024744
5.03	-3.36579083651304	5.03	2.79243824165314
5.035	-3.59107795357704	5.035	2.43270395603031
5.04	-3.05038887262344	5.04	2.61257109884173
5.045	-2.46464236825705	5.045	2.97230538446456
5.05	-2.78004433214664	5.05	2.25283681321889
5.055	-2.23935525119305	5.055	2.38773717032745
5.06	-2.46464236825705	5.06	1.93806931329891
5.065	-2.23935525119305	5.065	1.75820217048749
5.07	-2.19429782778025	5.07	1.62330181337893
5.075	-2.14924040436745	5.075	1.26356752775609
5.08	-1.92395328730345	5.08	1.17363395635039
5.085	-0.932689972221851	5.085	1.93806931329891
5.09	-1.60855132341385	5.09	0.948800027836114
5.095	-1.33820678293705	5.095	0.813899670727551
5.1	-1.24809193611145	5.1	0.634032527916133
5.105	-1.24809193611145	5.105	0.274298242293298
5.11	-1.06786224246025	5.11	0.274298242293298
5.115	-1.11291966587305	5.115	-0.175369614735246
5.12	-0.707402855157852	5.12	-0.0854360433295369
5.125	-0.0315415039658546	5.125	0.49913217080757
5.13	-0.301886044442654	5.13	-0.265303186140954
5.135	-0.0315415039658546	5.135	-0.400203543249518
5.14	-0.0765989273786545	5.14	-0.670004257466644
5.145	0.058573342859745	5.145	-0.93980497168377
5.15	0.148688189685345	5.15	-1.02973854308948
5.155	0.238803036510944	5.155	-1.38947282871231
5.16	0.599262423813343	5.16	-1.34450604300946
5.165	0.869606964290142	5.165	-1.07470532879233
5.17	0.959721811115742	5.17	-1.47940640011802
5.175	1.27512377500534	5.175	-1.61430675722659
5.18	1.18500892817974	5.18	-1.92907425714657
5.185	1.04983665794134	5.185	-2.37874211417511
5.19	1.45535346865654	5.19	-2.2888085427694
5.195	1.41029604524374	5.195	-2.60357604268938
5.2	1.63558316230774	5.2	-2.64854282839224
5.205	1.81581285595894	5.205	-2.55860925698653
5.21	1.90592770278454	5.21	-2.87337675690651
5.215	2.98730586469173	5.215	-2.24384175706655
5.22	2.62684647738934	5.22	-2.91834354260936
5.225	2.35650193691254	5.225	-3.50291175674647
5.23	2.62684647738934	5.23	-3.36801139963791
5.235	2.53673163056374	5.235	-3.81767925666645
5.24	2.89719101786613	5.24	-3.72774568526074
5.245	2.58178905397654	5.245	-4.17741354228929
5.25	3.12247813493013	5.25	-4.08747997088358
5.255	2.98730586469173	5.255	-4.13244675658643
5.26	3.25765040516853	5.26	-4.40224747080356
5.265	3.75328206270933	5.265	-3.99754639947787
5.27	3.61810979247093	5.27	-4.49218104220927
5.275	4.11374145001173	5.275	-4.40224747080356
5.28	4.02362660318613	5.28	-4.67204818502069
5.285	3.84339690953493	5.285	-5.12171604204923
5.29	4.15879887342453	5.29	-5.03178247064352
5.295	3.88845433294773	5.295	-5.25661639915779
5.3	4.20385629683733	5.3	-5.3465499705635
5.305	4.38408599048853	5.305	-5.16668282775208
5.31	4.47420083731413	5.31	-5.52641711337492
5.315	5.33029188215733	5.315	-4.98681568494067
5.32	5.24017703533173	5.32	-5.25661639915779
5.325	4.78960280120373	5.325	-5.8411846132949
5.33	4.96983249485493	5.33	-5.79621782759204
5.335	4.60937310755253	5.335	-6.29085247032344
5.34	5.10500476509333	5.34	-6.02105175610632
5.345	5.05994734168053	5.345	-5.97608497040346
5.35	5.24017703533173	5.35	-6.29085247032344
5.355	5.37534930557013	5.355	-6.02105175610632
5.36	5.28523445874453	5.36	-6.42575282743201
5.365	5.55557899922132	5.365	-6.42575282743201
5.37	5.87098096311092	5.37	-6.20091889891773
5.375	5.64569384604692	5.375	-6.60561997024342
5.38	5.73580869287252	5.38	-6.56065318454057
5.385	5.51052157580852	5.385	-6.96535425586626
5.39	5.82592353969812	5.39	-6.74052032735199
5.395	5.51052157580852	5.395	-6.9203874701634
5.4	5.82592353969812	5.4	-6.8304538987577
5.405	6.00615323334932	5.405	-6.60561997024342
5.41	6.45672746747732	5.41	-6.20091889891773
5.415	6.63695716112852	5.415	-6.42575282743201
5.42	6.81718685477972	5.42	-6.38078604172915
5.425	6.05121065676212	5.425	-7.14522139867768
5.43	6.18638292700052	5.43	-6.96535425586626
5.435	5.96109580993652	5.435	-7.01032104156911
5.44	6.18638292700052	5.44	-7.05528782727197
5.445	7.04247397184372	5.445	-6.3358192560263
5.45	5.73580869287252	5.45	-7.4150221128948
5.455	6.99741654843092	5.455	-6.3358192560263
5.46	5.96109580993652	5.46	-7.14522139867768
5.465	6.23144035041332	5.465	-7.19018818438053
5.47	6.32155519723892	5.47	-7.05528782727197
5.475	5.91603838652372	5.475	-7.37005532719195
5.48	6.41167004406452	5.48	-6.74052032735199
5.485	5.91603838652372	5.485	-7.32508854148909
5.49	6.27649777382612	5.49	-7.05528782727197
5.495	6.05121065676212	5.495	-6.87542068446055
5.5	6.18638292700052	5.5	-7.01032104156911
5.505	6.77212943136692	5.505	-6.42575282743201
5.51	6.27649777382612	5.51	-6.56065318454057
5.515	6.95235912501812	5.515	-6.11098532751203
5.52	5.69075126945972	5.52	-7.10025461297482
5.525	6.77212943136692	5.525	-6.11098532751203
5.53	5.91603838652372	5.53	-6.87542068446055
5.535	5.87098096311092	5.535	-6.74052032735199
5.54	5.91603838652372	5.54	-6.56065318454057
5.545	5.46546415239573	5.545	-6.8304538987577
5.55	5.96109580993652	5.55	-5.97608497040346
5.555	5.91603838652372	5.555	-5.97608497040346
5.56	5.42040672898293	5.56	-6.51568639883772
5.565	5.73580869287252	5.565	-6.11098532751203
5.57	6.36661262065172	5.57	-5.43648354196921
5.575	5.51052157580852	5.575	-6.15595211321488
5.58	6.14132550358772	5.58	-5.21164961345494
5.585	5.24017703533173	5.585	-6.06601854180917
5.59	5.33029188215733	5.59	-5.70628425618634
5.595	4.78960280120373	5.595	-5.88615139899775
5.6	5.15006218850613	5.6	-5.61635068478063
5.605	5.42040672898293	5.605	-4.8519153278321
5.61	4.60937310755253	5.61	-5.66131747048348
5.615	5.42040672898293	5.615	-4.53714782791212
5.62	4.29397114366293	5.62	-5.48145032767206
5.625	5.15006218850613	5.625	-4.58211461361498
5.63	4.15879887342453	5.63	-4.98681568494067
5.635	4.47420083731413	5.635	-4.71701497072354
5.64	4.24891372025013	5.64	-4.40224747080356
5.645	4.20385629683733	5.645	-4.58211461361498
5.65	4.65443053096533	5.65	-3.63781211385503
5.655	3.79833948612213	5.655	-4.49218104220927
5.66	4.38408599048853	5.66	-3.72774568526074
5.665	3.66316721588373	5.665	-4.08747997088358
5.67	4.38408599048853	5.67	-3.14317747112364
5.675	3.25765040516853	5.675	-3.99754639947787
5.68	3.75328206270933	5.68	-3.23311104252934
5.685	3.07742071151733	5.685	-3.23311104252934
5.69	3.07742071151733	5.69	-3.32304461393505
5.695	3.70822463929653	5.695	-2.33377532847226
5.7	2.49167420715094	5.7	-3.32304461393505
5.705	2.71696132421494	5.705	-2.82840997120366
5.71	2.49167420715094	5.71	-2.42370889987797
5.715	2.08615739643574	5.715	-2.87337675690651
5.72	2.44661678373814	5.72	-2.19887497136369
5.725	2.17627224326134	5.725	-1.88410747144371
5.73	1.95098512619734	5.73	-2.19887497136369
5.735	2.40155936032534	5.735	-1.25457247160375
5.74	1.54546831548214	5.74	-1.97404104284942
5.745	2.40155936032534	5.745	-0.804904614575207
5.75	1.04983665794134	5.75	-1.74920711433515
5.755	1.27512377500534	5.755	-1.29953925730661
5.76	1.32018119841814	5.76	-0.62503747176379
5.765	0.824549540877342	5.765	-1.16463890019804
5.77	1.63558316230774	5.77	-0.130402829032391
5.775	0.193745613098145	5.775	-0.849871400278062
5.78	0.599262423813343	5.78	-0.400203543249518
5.785	0.914664387702942	5.785	0.139397885184735
5.79	-0.256828621029854	5.79	-0.445170328952372
5.795	0.058573342859745	5.795	0.00449752807617188
5.8	-0.301886044442654	5.8	0.184364670887589
5.805	-0.392000891268253	5.805	0.139397885184735
5.81	0.328917883336544	5.81	1.26356752775609
5.815	-1.02280481904745	5.815	0.319265027996153
5.82	-0.617288008332253	5.82	0.858866456430405
5.825	-1.06786224246025	5.825	1.08370038494468
5.83	-1.11291966587305	5.83	0.993766813538969
5.835	-1.11291966587305	5.835	1.62330181337893
5.84	-1.42832162976265	5.84	1.26356752775609
5.845	-1.56349390000105	5.845	1.48840145627037
5.85	-1.47337905317545	5.85	2.25283681321889
5.855	-2.19429782778025	5.855	1.71323538478464
5.86	-1.87889586389065	5.86	2.07296967040747
5.865	-1.74372359365225	5.865	2.79243824165314
5.87	-2.28441267460585	5.87	2.3427703846246
5.875	-1.51843647658825	5.875	3.3320396700874
5.88	-2.87015917897224	5.88	2.38773717032745
5.885	-2.87015917897224	5.885	2.61257109884173
5.89	-2.05912555754185	5.89	3.78170752711594
5.895	-3.14050371944904	5.895	3.24210609868169
5.9	-3.14050371944904	5.9	3.24210609868169
5.905	-2.64487206190825	5.905	4.14144181273878
5.91	-3.45590568333864	5.91	3.3320396700874
5.915	-3.45590568333864	5.915	3.69177395571023
5.92	-3.99659476429224	5.92	3.78170752711594
5.925	-4.13176703453064	5.925	3.69177395571023
5.93	-3.41084825992584	5.93	4.54614288406447
5.935	-4.13176703453064	5.935	4.4112425269559
5.94	-4.17682445794344	5.94	4.36627574125305
5.945	-4.17682445794344	5.945	4.63607645547017
5.95	-4.71751353889704	5.95	4.32130895555019
5.955	-4.58234126865864	5.955	4.59110966976732
5.96	-4.58234126865864	5.96	5.22064466960728
5.965	-5.12303034961224	5.965	4.63607645547017
5.97	-3.99659476429224	5.97	5.8951464551501
5.975	-5.34831746667623	5.975	5.04077752679586
5.98	-4.85268580913544	5.98	5.49044538382441
5.985	-4.76257096230984	5.985	5.76024609804153
5.99	-5.57360458374023	5.99	5.22064466960728
5.995	-5.39337489008903	5.995	5.62534574093297
6	-5.84394912421703	6	5.4005118124187
6.005	-5.84394912421703	6.005	5.53541216952726
6.01	-5.34831746667623	6.01	6.3897810978815
6.015	-5.93406397104263	6.015	5.71527931233868
6.02	-5.57360458374023	6.02	6.47971466928721
6.025	-6.38463820517063	6.025	5.76024609804153
6.03	-5.16808777302504	6.03	6.92938252631575
6.035	-6.47475305199623	6.035	5.98508002655581
6.04	-5.34831746667623	6.04	7.06428288342431
6.045	-6.38463820517063	6.045	6.47971466928721
6.05	-6.29452335834503	6.05	6.47971466928721
6.055	-5.61866200715303	6.055	7.15421645483002
6.06	-6.56486789882183	6.06	6.29984752647579
6.065	-5.70877685397863	6.065	7.28911681193858
6.07	-6.65498274564743	6.07	6.47971466928721
6.075	-6.60992532223463	6.075	6.61461502639577
6.08	-7.01544213294983	6.08	6.43474788358435
6.085	-7.06049955636263	6.085	6.43474788358435
6.09	-5.88900654762983	6.09	7.60388431185857
6.095	-7.19567182660103	6.095	6.65958181209862
6.1	-6.06923624128103	6.1	7.42401716904715
6.105	-6.74509759247303	6.105	7.15421645483002
6.11	-6.79015501588583	6.11	6.88441574061289
6.115	-6.79015501588583	6.115	6.92938252631575
6.12	-7.15061440318823	6.12	6.61461502639577
6.125	-7.15061440318823	6.125	6.61461502639577
6.13	-6.74509759247303	6.13	7.24415002623573
6.135	-7.15061440318823	6.135	6.61461502639577
6.14	-6.51981047540903	6.14	7.46898395475
6.145	-6.42969562858343	6.145	7.51395074045286
6.15	-6.88026986271143	6.15	6.79448216920719
6.155	-6.79015501588583	6.155	6.88441574061289
6.16	-7.24072925001383	6.16	6.52468145499006
6.165	-6.79015501588583	6.165	6.83944895491004
6.17	-7.24072925001383	6.17	6.43474788358435
6.175	-7.06049955636263	6.175	6.43474788358435
6.18	-6.79015501588583	6.18	7.01931609772146
6.185	-6.47475305199623	6.185	7.15421645483002
6.19	-6.74509759247303	6.19	6.56964824069291
6.195	-6.65498274564743	6.195	6.52468145499006
6.2	-6.97038470953703	6.2	6.20991395507008
6.205	-6.97038470953703	6.205	6.11998038366437
6.21	-6.33958078175783	6.21	6.83944895491004
6.215	-6.83521243929863	6.215	6.16494716936722
6.22	-5.75383427739143	6.22	6.88441574061289
6.225	-5.97912139445543	6.225	6.47971466928721
6.23	-6.47475305199623	6.23	5.8951464551501
6.235	-6.38463820517063	6.235	5.8951464551501
6.24	-6.56486789882183	6.24	5.8951464551501
6.245	-6.42969562858343	6.245	5.53541216952726
6.25	-6.02417881786823	6.25	6.11998038366437
6.255	-6.42969562858343	6.255	5.35554502671585
6.26	-5.48348973691463	6.26	6.16494716936722
6.265	-6.15935108810663	6.265	5.44547859812155
6.27	-5.07797292619944	6.27	5.94011324085295
6.275	-5.79889170080423	6.275	5.49044538382441
6.28	-5.12303034961224	6.28	5.53541216952726
6.285	-4.94280065596104	6.285	5.49044538382441
6.29	-5.43843231350183	6.29	4.81594359828159
6.295	-5.34831746667623	6.295	4.68104324117303
6.3	-5.52854716032743	6.3	4.54614288406447
6.305	-5.52854716032743	6.305	4.36627574125305
6.31	-4.22188188135624	6.31	5.26561145531014
6.315	-4.22188188135624	6.315	5.04077752679586
6.32	-4.71751353889704	6.32	4.23137538414449
6.325	-4.58234126865864	6.325	4.05150824133307
6.33	-4.76257096230984	6.33	3.69177395571023
6.335	-4.76257096230984	6.335	3.46694002719596
6.34	-4.13176703453064	6.34	4.09647502703592
6.345	-4.17682445794344	6.345	3.73674074141309
6.35	-3.23061856627464	6.35	4.09647502703592
6.355	-3.32073341310024	6.355	3.69177395571023
6.36	-3.77130764722824	6.36	3.01727217016742
6.365	-3.90647991746664	6.365	2.65753788454458
6.37	-3.45590568333864	6.37	3.15217252727598
6.375	-3.18556114286184	6.375	3.06223895587027
6.38	-2.73498690873384	6.38	2.92733859876171
6.385	-3.14050371944904	6.385	2.61257109884173
6.39	-2.19429782778025	6.39	2.97230538446456
6.395	-2.32947009801865	6.395	2.61257109884173
6.4	-2.55475721508265	6.4	1.93806931329891
6.405	-2.28441267460585	6.405	1.93806931329891
6.41	-2.41958494484425	6.41	1.44343467056751
6.415	-2.14924040436745	6.415	1.44343467056751
6.42	-2.19429782778025	6.42	1.08370038494468
6.425	-1.96901071071625	6.425	0.948800027836114
6.43	-2.14924040436745	6.43	0.678999313618988
6.435	-1.74372359365225	6.435	0.634032527916133
6.44	-1.87889586389065	6.44	0.319265027996153
6.445	-1.24809193611145	6.445	0.858866456430405
6.45	-0.301886044442654	6.45	1.12866717064753
6.455	-0.797517701983452	6.455	0.319265027996153
6.46	-0.887632548809052	6.46	-0.0854360433295369
6.465	-0.842575125396252	6.465	-0.310269971843809
6.47	-0.887632548809052	6.47	-0.580070686060935
6.475	-0.707402855157852	6.475	-0.759937828872353
6.48	-0.482115738093853	6.48	-0.670004257466644
6.485	0.419032730162144	6.485	-0.130402829032391
6.49	0.734434694051743	6.49	-0.355236757546663
6.495	0.464090153574944	6.495	-0.62503747176379
6.5	1.23006635159254	6.5	-0.490137114655226
6.505	0.644319847226143	6.505	-1.38947282871231
6.51	0.734434694051743	6.51	-1.65927354292944
6.515	0.869606964290142	6.515	-1.794173900038
6.52	0.959721811115742	6.52	-2.01900782855228
6.525	0.779492117464542	6.525	-2.24384175706655
6.53	1.36523862183094	6.53	-1.88410747144371
6.535	2.04109997302294	6.535	-1.65927354292944
6.54	1.99604254961014	6.54	-2.15390818566084
6.545	2.08615739643574	6.545	-2.33377532847226
6.55	1.99604254961014	6.55	-2.73847639979795
6.555	1.99604254961014	6.555	-3.05324389971793
6.56	2.04109997302294	6.56	-3.2780778282322
6.565	1.99604254961014	6.565	-3.50291175674647
6.57	2.17627224326134	6.57	-3.45794497104362
6.575	2.94224844127893	6.575	-2.96331032831222
6.58	3.61810979247093	6.58	-2.82840997120366
6.585	3.12247813493013	6.585	-3.50291175674647
6.59	3.12247813493013	6.59	-3.86264604236931
6.595	3.12247813493013	6.595	-4.13244675658643
6.6	3.21259298175573	6.6	-4.31231389939785
6.605	3.25765040516853	6.605	-4.49218104220927
6.61	3.16753555834293	6.61	-4.71701497072354
6.615	4.33902856707573	6.615	-3.7727124709636
6.62	4.56431568413973	6.62	-3.99754639947787
6.625	3.88845433294773	6.625	-4.80694854212925
6.63	3.97856917977333	6.63	-4.98681568494067
6.635	4.11374145001173	6.635	-5.07674925634638
6.64	4.11374145001173	6.64	-5.3465499705635
6.645	3.88845433294773	6.645	-5.57138389907777
6.65	4.11374145001173	6.65	-5.48145032767206
6.655	4.38408599048853	6.655	-5.52641711337492
6.66	5.01488991826773	6.66	-5.03178247064352
6.665	4.60937310755253	6.665	-5.57138389907777
6.67	5.28523445874453	6.67	-5.12171604204923
6.675	5.87098096311092	6.675	-5.03178247064352
6.68	5.33029188215733	6.68	-5.70628425618634
6.685	4.96983249485493	6.685	-6.20091889891773
6.69	4.96983249485493	6.69	-6.3358192560263
6.695	5.10500476509333	6.695	-6.42575282743201
6.7	5.15006218850613	6.7	-6.51568639883772
6.705	5.15006218850613	6.705	-6.38078604172915
6.71	5.55557899922132	6.71	-6.15595211321488
6.715	6.27649777382612	6.715	-5.70628425618634
6.72	6.50178489089012	6.72	-5.75125104188919
6.725	5.78086611628532	6.725	-6.56065318454057
6.73	5.82592353969812	6.73	-6.65058675594628
6.735	5.51052157580852	6.735	-6.9203874701634
6.74	5.69075126945972	6.74	-6.60561997024342
6.745	6.72707200795412	6.745	-5.8411846132949
6.75	6.86224427819252	6.75	-5.93111818470061
6.755	6.09626808017492	6.755	-6.78548711305484
6.76	6.18638292700052	6.76	-6.8304538987577
6.765	5.78086611628532	6.765	-7.19018818438053
6.77	5.78086611628532	6.77	-7.05528782727197
6.775	5.82592353969812	6.775	-7.14522139867768
6.78	6.05121065676212	6.78	-6.9203874701634
6.785	7.13258881866932	6.785	-6.11098532751203
6.79	6.99741654843092	6.79	-6.29085247032344
6.795	6.59189973771572	6.795	-6.74052032735199
6.8	6.41167004406452	6.8	-6.87542068446055
6.805	6.41167004406452	6.805	-6.8304538987577
6.81	6.41167004406452	6.81	-6.9203874701634
6.815	6.18638292700052	6.815	-7.14522139867768
6.82	6.09626808017492	6.82	-7.14522139867768
6.825	5.96109580993652	6.825	-7.23515497008339
6.83	6.00615323334932	6.83	-7.05528782727197
6.835	5.96109580993652	6.835	-6.96535425586626
6.84	6.09626808017492	6.84	-6.74052032735199
6.845	6.54684231430292	6.845	-6.29085247032344
6.85	6.77212943136692	6.85	-6.11098532751203
6.855	7.17764624208212	6.855	-5.8411846132949
6.86	6.63695716112852	6.86	-6.24588568462059
6.865	6.23144035041332	6.865	-6.60561997024342
6.87	6.05121065676212	6.87	-6.65058675594628
6.875	6.00615323334932	6.875	-6.65058675594628
6.88	5.73580869287252	6.88	-6.74052032735199
6.885	5.60063642263412	6.885	-6.69555354164913
6.89	5.64569384604692	6.89	-6.42575282743201
6.895	5.69075126945972	6.895	-6.15595211321488
6.9	5.91603838652372	6.9	-5.8411846132949
6.905	6.54684231430292	6.905	-5.39151675626636
6.91	5.96109580993652	6.91	-5.75125104188919
6.915	5.64569384604692	6.915	-5.88615139899775
6.92	5.60063642263412	6.92	-5.88615139899775
6.925	5.42040672898293	6.925	-5.88615139899775
6.93	5.19511961191893	6.93	-5.88615139899775
6.935	4.96983249485493	6.935	-5.93111818470061
6.94	4.92477507144213	6.94	-5.75125104188919
6.945	5.37534930557013	6.945	-4.80694854212925
6.95	5.73580869287252	6.95	-4.49218104220927
6.955	5.60063642263412	6.955	-4.49218104220927
6.96	5.33029188215733	6.96	-4.67204818502069
6.965	4.83466022461653	6.965	-5.03178247064352
6.97	4.69948795437813	6.97	-4.80694854212925
6.975	4.20385629683733	6.975	-5.03178247064352
6.98	4.06868402659893	6.98	-4.8519153278321
6.985	4.42914341390133	6.985	-4.17741354228929
6.99	4.78960280120373	6.99	-3.63781211385503
6.995	4.11374145001173	6.995	-3.99754639947787
7	4.20385629683733	7	-3.59284532815218
7.005	4.02362660318613	7.005	-3.90761282807216
7.01	3.84339690953493	7.01	-3.81767925666645
7.015	3.25765040516853	7.015	-4.04251318518072
7.02	3.07742071151733	7.02	-3.86264604236931
7.025	4.11374145001173	7.025	-2.51364247128367
7.03	4.06868402659893	7.03	-2.37874211417511
7.035	3.57305236905813	7.035	-2.69350961409509
7.04	3.07742071151733	7.04	-2.87337675690651
7.045	2.85213359445333	7.045	-2.82840997120366
7.05	2.71696132421494	7.05	-2.73847639979795
7.055	2.49167420715094	7.055	-2.64854282839224
7.06	2.26638709008694	7.06	-2.60357604268938
7.065	2.62684647738934	7.065	-1.65927354292944
7.07	2.71696132421494	7.07	-1.34450604300946
7.075	2.85213359445333	7.075	-1.07470532879233
7.08	2.67190390080214	7.08	-0.93980497168377
7.085	1.68064058572054	7.085	-1.65927354292944
7.09	1.54546831548214	7.09	-1.52437318582088
7.095	1.09489408135414	7.095	-1.61430675722659
7.1	0.959721811115742	7.1	-1.38947282871231
7.105	0.734434694051743	7.105	-1.2096056859009
7.11	0.554205000400543	7.11	-1.02973854308948
7.115	0.644319847226143	7.115	-0.62503747176379
7.12	0.599262423813343	7.12	-0.265303186140954
7.125	0.734434694051743	7.125	-0.130402829032391
7.13	0.689377270638943	7.13	0.0494643137790263
7.135	0.238803036510944	7.135	-0.0854360433295369
7.14	0.0135159194469452	7.14	0.0494643137790263
7.145	-0.482115738093853	7.145	0.0944310994818807
7.15	-0.482115738093853	7.15	0.49913217080757
7.155	0.373975306749344	7.155	1.39846788486466
7.16	0.148688189685345	7.16	1.3535010991618
7.165	-0.797517701983452	7.165	0.768932885024697
7.17	-0.977747395634651	7.17	0.90383324213326
7.175	-1.29314935952425	7.175	0.993766813538969
7.18	-1.56349390000105	7.18	1.08370038494468
7.185	-0.482115738093853	7.185	2.38773717032745
7.19	-0.707402855157852	7.19	2.43270395603031
7.195	-1.65360874682665	7.195	1.89310252759606
7.2	-1.83383844047785	7.2	1.98303609900177
7.205	-2.37452752143145	7.205	1.75820217048749
7.21	-2.46464236825705	7.21	1.93806931329891
7.215	-1.60855132341385	7.215	3.24210609868169
7.22	-1.92395328730345	7.22	3.24210609868169
7.225	-1.96901071071625	7.225	3.19713931297883
7.23	-2.14924040436745	7.23	3.28707288438454
7.235	-2.91521660238504	7.235	2.97230538446456
7.24	-3.05038887262344	7.24	3.06223895587027
7.245	-3.36579083651304	7.245	3.37700645579025
7.25	-3.59107795357704	7.25	3.28707288438454
7.255	-2.78004433214664	7.255	4.14144181273878
7.26	-3.00533144921064	7.26	4.18640859844163
7.265	-4.08670961111784	7.265	3.42197324149311
7.27	-3.99659476429224	7.27	3.69177395571023
7.275	-4.40211157500744	7.275	3.96157466992736
7.28	-4.49222642183304	7.28	3.96157466992736
7.285	-3.63613537698984	7.285	4.81594359828159
7.29	-3.72625022381544	7.29	4.99581074109301
7.295	-4.49222642183304	7.295	4.59110966976732
7.3	-4.62739869207144	7.3	4.54614288406447
7.305	-5.07797292619944	7.305	4.68104324117303
7.31	-5.25820261985064	7.31	4.63607645547017
7.315	-4.44716899842024	7.315	5.71527931233868
7.32	-5.12303034961224	7.32	5.31057824101299
7.325	-4.94280065596104	7.325	5.35554502671585
7.33	-4.49222642183304	7.33	6.03004681225866
7.335	-5.43843231350183	7.335	5.26561145531014
7.34	-5.52854716032743	7.34	5.44547859812155
7.345	-5.93406397104263	7.345	5.31057824101299
7.35	-6.02417881786823	7.35	5.4005118124187
7.355	-5.39337489008903	7.355	6.34481431217864
7.36	-5.88900654762983	7.36	6.07501359796152
7.365	-5.97912139445543	7.365	5.8951464551501
7.37	-5.97912139445543	7.37	6.03004681225866
7.375	-6.56486789882183	7.375	5.71527931233868
7.38	-6.51981047540903	7.38	5.80521288374439
7.385	-5.84394912421703	7.385	6.74951538350433
7.39	-6.20440851151943	7.39	6.61461502639577
7.395	-6.42969562858343	7.395	6.16494716936722
7.4	-6.20440851151943	7.4	6.52468145499006
7.405	-6.83521243929863	7.405	6.03004681225866
7.41	-6.70004016906023	7.41	6.34481431217864
7.415	-6.79015501588583	7.415	6.65958181209862
7.42	-7.15061440318823	7.42	6.25488074077293
7.425	-6.20440851151943	7.425	7.01931609772146
7.43	-6.06923624128103	7.43	7.37905038334429
7.435	-6.92532728612423	7.435	6.47971466928721
7.44	-6.92532728612423	7.44	6.56964824069291
7.445	-7.24072925001383	7.445	6.3897810978815
7.45	-7.33084409683943	7.45	6.34481431217864
7.455	-7.10555697977543	7.455	6.74951538350433
7.46	-7.37590152025223	7.46	6.47971466928721
7.465	-6.47475305199623	7.465	7.33408359764144
7.47	-6.92532728612423	7.47	7.01931609772146
7.475	-6.97038470953703	7.475	6.65958181209862
7.48	-6.97038470953703	7.48	6.74951538350433
7.485	-7.33084409683943	7.485	6.47971466928721
7.49	-7.42095894366503	7.49	6.34481431217864
7.495	-6.79015501588583	7.495	7.06428288342431
7.5	-7.15061440318823	7.5	6.79448216920719
7.505	-6.92532728612423	7.505	6.52468145499006
7.51	-6.79015501588583	7.51	6.74951538350433
7.515	-7.33084409683943	7.515	6.29984752647579
7.52	-7.28578667342663	7.52	6.20991395507008
7.525	-6.70004016906023	7.525	6.61461502639577
7.53	-6.15935108810663	7.53	7.15421645483002
7.535	-6.79015501588583	7.535	6.3897810978815
7.54	-5.97912139445543	7.54	7.15421645483002
7.545	-7.15061440318823	7.545	5.94011324085295
7.55	-6.88026986271143	7.55	5.98508002655581
7.555	-6.33958078175783	7.555	6.70454859780148
7.56	-6.83521243929863	7.56	6.16494716936722
7.565	-6.74509759247303	7.565	5.85017966944724
7.57	-6.42969562858343	7.57	5.94011324085295
7.575	-6.83521243929863	7.575	5.71527931233868
7.58	-6.60992532223463	7.58	5.58037895523012
7.585	-5.93406397104263	7.585	5.98508002655581
7.59	-5.61866200715303	7.59	6.34481431217864
7.595	-6.11429366469383	7.595	5.49044538382441
7.6	-5.25820261985064	7.6	6.20991395507008
7.605	-6.20440851151943	7.605	5.17567788390443
7.61	-5.97912139445543	7.61	5.17567788390443
7.615	-6.06923624128103	7.615	5.22064466960728
7.62	-6.02417881786823	7.62	4.86091038398445
7.625	-5.39337489008903	7.625	5.53541216952726
7.63	-5.88900654762983	7.63	4.59110966976732
7.635	-4.94280065596104	7.635	5.22064466960728
7.64	-4.76257096230984	7.64	5.35554502671585
7.645	-5.25820261985064	7.645	4.50117609836161
7.65	-4.71751353889704	7.65	4.77097681257874
7.655	-5.30326004326344	7.655	4.00654145563021
7.66	-5.12303034961224	7.66	3.9166078842245
7.665	-4.31199672818184	7.665	4.54614288406447
7.67	-4.94280065596104	7.67	3.8266743128188
7.675	-3.95153734087944	7.675	4.32130895555019
7.68	-4.35705415159464	7.68	4.00654145563021
7.685	-4.35705415159464	7.685	3.46694002719596
7.69	-4.17682445794344	7.69	3.37700645579025
7.695	-3.81636507064104	7.695	3.64680717000738
7.7	-4.31199672818184	7.7	2.88237181305885
7.705	-3.27567598968744	7.705	3.37700645579025
7.71	-3.50096310675144	7.71	3.24210609868169
7.715	-3.41084825992584	7.715	2.70250467024744
7.72	-2.68992948532104	7.72	3.24210609868169
7.725	-3.45590568333864	7.725	2.07296967040747
7.73	-3.00533144921064	7.73	2.29780359892175
7.735	-2.78004433214664	7.735	2.61257109884173
7.74	-3.05038887262344	7.74	1.66826859908178
7.745	-1.65360874682665	7.745	2.70250467024744
7.75	-2.82510175555944	7.75	1.53336824197322
7.755	-2.28441267460585	7.755	1.53336824197322
7.76	-1.60855132341385	7.76	2.02800288470462
7.765	-2.14924040436745	7.765	1.03873359924182
7.77	-1.56349390000105	7.77	1.30853431345895
7.775	-1.96901071071625	7.775	0.678999313618988
7.78	-1.60855132341385	7.78	0.634032527916133
7.785	-1.29314935952425	7.785	0.90383324213326
7.79	-1.65360874682665	7.79	0.139397885184735
7.795	-1.06786224246025	7.795	0.364231813699007
7.8	-0.346943467855454	7.8	0.813899670727551
7.805	-0.752460278570652	7.805	-0.0854360433295369
7.81	0.058573342859745	7.81	0.409198599401861
7.815	-0.752460278570652	7.815	-0.580070686060935
7.82	-0.437058314681053	7.82	-0.670004257466644
7.825	0.058573342859745	7.825	-0.175369614735246
7.83	-0.301886044442654	7.83	-1.11967211449519
7.835	0.644319847226143	7.835	-0.62503747176379
7.84	0.103630766272545	7.84	-1.02973854308948
7.845	0.554205000400543	7.845	-1.16463890019804
7.85	0.779492117464542	7.85	-1.02973854308948
7.855	0.824549540877342	7.855	-1.56933997152373
7.86	1.72569800913334	7.86	-0.93980497168377
7.865	1.13995150476694	7.865	-1.92907425714657
7.87	1.90592770278454	7.87	-1.29953925730661
7.875	1.09489408135414	7.875	-2.33377532847226
7.88	1.50041089206934	7.88	-2.42370889987797
7.885	2.17627224326134	7.885	-2.15390818566084
7.89	1.54546831548214	7.89	-2.7834431855008
7.895	1.95098512619734	7.895	-2.87337675690651
7.9	2.62684647738934	7.9	-2.2888085427694
7.905	2.08615739643574	7.905	-3.23311104252934
7.91	3.21259298175573	7.91	-2.46867568558082
7.915	2.17627224326134	7.915	-3.72774568526074
7.92	3.03236328810453	7.92	-3.18814425682649
7.925	2.49167420715094	7.925	-3.68277889955789
7.93	2.98730586469173	7.93	-3.81767925666645
7.935	2.94224844127893	7.935	-3.81767925666645
7.94	3.21259298175573	7.94	-4.04251318518072
7.945	3.03236328810453	7.945	-4.267347113695
7.95	3.43788009881973	7.95	-4.40224747080356
7.955	4.38408599048853	7.955	-3.7727124709636
7.96	3.43788009881973	7.96	-4.67204818502069
7.965	3.93351175636053	7.965	-4.53714782791212
7.97	4.11374145001173	7.97	-4.3572806851007
7.975	4.24891372025013	7.975	-4.76198175642639
7.98	3.97856917977333	7.98	-4.98681568494067
7.985	3.84339690953493	7.985	-5.48145032767206
7.99	4.96983249485493	7.99	-4.71701497072354
7.995	4.24891372025013	7.995	-5.3465499705635
8	4.65443053096533	8	-5.48145032767206
8.005	4.78960280120373	8.005	-5.3465499705635
8.01	4.78960280120373	8.01	-5.3465499705635
8.015	5.10500476509333	8.015	-5.57138389907777
8.02	6.05121065676212	8.02	-4.89688211353496
8.025	5.55557899922132	8.025	-5.25661639915779
8.03	5.10500476509333	8.03	-6.11098532751203
8.035	5.37534930557013	8.035	-5.8411846132949
8.04	5.28523445874453	8.04	-5.93111818470061
8.045	5.69075126945972	8.045	-6.02105175610632
8.05	6.23144035041332	8.05	-5.43648354196921
8.055	5.60063642263412	8.055	-6.3358192560263
8.06	6.59189973771572	8.06	-5.57138389907777
8.065	5.55557899922132	8.065	-6.47071961313486
8.07	5.91603838652372	8.07	-6.42575282743201
8.075	6.45672746747732	8.075	-5.75125104188919
8.08	5.69075126945972	8.08	-6.78548711305484
8.085	6.23144035041332	8.085	-6.42575282743201
8.09	6.09626808017492	8.09	-6.29085247032344
8.095	5.96109580993652	8.095	-6.9203874701634
8.1	6.68201458454132	8.1	-5.97608497040346
8.105	6.09626808017492	8.105	-6.78548711305484
8.11	6.36661262065172	8.11	-6.65058675594628
8.115	6.41167004406452	8.115	-6.3358192560263
8.12	6.27649777382612	8.12	-6.87542068446055
8.125	6.36661262065172	8.125	-6.8304538987577
8.13	6.63695716112852	8.13	-6.24588568462059
8.135	6.59189973771572	8.135	-6.56065318454057
8.14	6.27649777382612	8.14	-6.65058675594628
8.145	5.91603838652372	8.145	-7.10025461297482
8.15	7.08753139525652	8.15	-6.15595211321488
8.155	6.45672746747732	8.155	-6.87542068446055
8.16	7.31281851232052	8.16	-5.88615139899775
8.165	6.32155519723892	8.165	-6.51568639883772
8.17	6.45672746747732	8.17	-6.74052032735199
8.175	6.00615323334932	8.175	-6.9203874701634
8.18	6.50178489089012	8.18	-6.65058675594628
8.185	6.72707200795412	8.185	-6.02105175610632
8.19	6.32155519723892	8.19	-6.65058675594628
8.195	7.44799078255892	8.195	-5.61635068478063
8.2	6.05121065676212	8.2	-6.74052032735199
8.205	6.27649777382612	8.205	-6.56065318454057
8.21	5.82592353969812	8.21	-6.65058675594628
8.215	6.05121065676212	8.215	-6.65058675594628
8.22	6.59189973771572	8.22	-5.66131747048348
8.225	5.78086611628532	8.225	-6.60561997024342
8.23	6.32155519723892	8.23	-6.02105175610632
8.235	5.96109580993652	8.235	-6.24588568462059
8.24	5.96109580993652	8.24	-6.02105175610632
8.245	5.55557899922132	8.245	-6.11098532751203
8.25	5.73580869287252	8.25	-6.11098532751203
8.255	6.45672746747732	8.255	-5.30158318486065
8.26	5.28523445874453	8.26	-5.97608497040346
8.265	5.37534930557013	8.265	-6.06601854180917
8.27	6.32155519723892	8.27	-4.80694854212925
8.275	5.33029188215733	8.275	-5.70628425618634
8.28	6.14132550358772	8.28	-4.67204818502069
8.285	4.92477507144213	8.285	-5.61635068478063
8.29	5.33029188215733	8.29	-5.12171604204923
8.295	5.05994734168053	8.295	-4.8519153278321
8.3	4.92477507144213	8.3	-5.12171604204923
8.305	4.83466022461653	8.305	-4.58211461361498
8.31	4.65443053096533	8.31	-4.98681568494067
8.315	5.51052157580852	8.315	-3.7727124709636
8.32	4.29397114366293	8.32	-4.8519153278321
8.325	4.38408599048853	8.325	-4.53714782791212
8.33	5.05994734168053	8.33	-3.45794497104362
8.335	4.24891372025013	8.335	-4.17741354228929
8.34	4.92477507144213	8.34	-3.2780778282322
8.345	3.93351175636053	8.345	-3.59284532815218
8.35	3.84339690953493	8.35	-3.90761282807216
8.355	3.52799494564533	8.355	-3.7727124709636
8.36	3.48293752223253	8.36	-3.7727124709636
8.365	3.88845433294773	8.365	-3.14317747112364
8.37	3.21259298175573	8.37	-3.09821068542078
8.375	2.76201874762774	8.375	-3.63781211385503
8.38	3.88845433294773	8.38	-2.24384175706655
8.385	2.44661678373814	8.385	-3.2780778282322
8.39	3.57305236905813	8.39	-2.06397461425513
8.395	3.12247813493013	8.395	-1.794173900038
8.4	2.49167420715094	8.4	-2.51364247128367
8.405	2.62684647738934	8.405	-1.92907425714657
8.41	2.04109997302294	8.41	-2.33377532847226
8.415	3.30270782858133	8.415	-0.984771757386625
8.42	1.68064058572054	8.42	-2.10894139995798
8.425	1.95098512619734	8.425	-1.52437318582088
8.43	1.18500892817974	8.43	-1.88410747144371
8.435	1.41029604524374	8.435	-1.61430675722659
8.44	0.869606964290142	8.44	-1.56933997152373
8.445	1.32018119841814	8.445	-0.93980497168377
8.45	0.914664387702942	8.45	-0.804904614575207
8.455	0.689377270638943	8.455	-0.894838185980916
8.46	1.13995150476694	8.46	-0.0854360433295369
8.465	0.103630766272545	8.465	-0.714971043169498
8.47	0.419032730162144	8.47	-0.400203543249518
8.475	-0.121656350791454	8.475	-0.265303186140954
8.48	0.103630766272545	8.48	-0.130402829032391
8.485	-0.256828621029854	8.485	0.0944310994818807
8.49	-0.617288008332253	8.49	0.0494643137790263
8.495	-1.02280481904745	8.495	-0.265303186140954
8.5	-0.256828621029854	8.5	1.08370038494468
8.505	-1.38326420634985	8.505	0.00449752807617188
8.51	-0.0315415039658546	8.51	1.57833502767608
8.515	-1.51843647658825	8.515	0.813899670727551
8.52	-1.29314935952425	8.52	0.993766813538969
8.525	-0.932689972221851	8.525	1.57833502767608
8.53	-1.83383844047785	8.53	1.30853431345895
8.535	-1.87889586389065	8.535	1.53336824197322
8.54	-1.96901071071625	8.54	1.89310252759606
8.545	-2.37452752143145	8.545	1.44343467056751
8.55	-1.69866617023945	8.55	2.43270395603031
8.555	-2.32947009801865	8.555	2.25283681321889
8.56	-2.50969979166985	8.56	2.25283681321889
8.565	-2.50969979166985	8.565	2.837405027356
8.57	-3.05038887262344	8.57	2.38773717032745
8.575	-2.50969979166985	8.575	2.97230538446456
8.58	-3.41084825992584	8.58	2.70250467024744
8.585	-3.41084825992584	8.585	2.70250467024744
8.59	-2.46464236825705	8.59	4.00654145563021
8.595	-3.68119280040264	8.595	3.3320396700874
8.6	-3.63613537698984	8.6	3.3320396700874
8.605	-3.23061856627464	8.605	4.00654145563021
8.61	-4.22188188135624	8.61	3.46694002719596
8.615	-3.77130764722824	8.615	3.96157466992736
8.62	-4.31199672818184	8.62	4.00654145563021
8.625	-4.31199672818184	8.625	3.78170752711594
8.63	-4.58234126865864	8.63	4.27634216984734
8.635	-4.67245611548424	8.635	4.00654145563021
8.64	-4.08670961111784	8.64	5.08574431249872
8.645	-4.85268580913544	8.645	4.54614288406447
8.65	-4.17682445794344	8.65	5.26561145531014
8.655	-5.34831746667623	8.655	4.14144181273878
8.66	-5.12303034961224	8.66	4.81594359828159
8.665	-4.49222642183304	8.665	5.53541216952726
8.67	-5.57360458374023	8.67	4.77097681257874
8.675	-5.75383427739143	8.675	4.81594359828159
8.68	-5.34831746667623	8.68	5.67031252663583
8.685	-5.57360458374023	8.685	5.4005118124187
8.69	-5.12303034961224	8.69	5.94011324085295
8.695	-6.06923624128103	8.695	5.26561145531014
8.7	-6.02417881786823	8.7	5.49044538382441
8.705	-6.38463820517063	8.705	5.76024609804153
8.71	-6.15935108810663	8.71	5.58037895523012
8.715	-5.97912139445543	8.715	5.98508002655581
8.72	-6.60992532223463	8.72	5.53541216952726
8.725	-6.38463820517063	8.725	5.62534574093297
8.73	-6.56486789882183	8.73	6.16494716936722
8.735	-6.83521243929863	8.735	5.85017966944724
8.74	-6.56486789882183	8.74	6.07501359796152
8.745	-6.83521243929863	8.745	6.34481431217864
8.75	-6.74509759247303	8.75	6.16494716936722
8.755	-6.24946593493223	8.755	6.34481431217864
8.76	-7.06049955636263	8.76	6.29984752647579
8.765	-7.01544213294983	8.765	6.34481431217864
8.77	-6.06923624128103	8.77	7.19918324053288
8.775	-7.55613121390343	8.775	5.76024609804153
8.78	-6.51981047540903	8.78	6.70454859780148
8.785	-6.60992532223463	8.785	7.01931609772146
8.79	-6.97038470953703	8.79	6.43474788358435
8.795	-6.29452335834503	8.795	7.15421645483002
8.8	-7.10555697977543	8.8	6.3897810978815
8.805	-7.06049955636263	8.805	6.3897810978815
8.81	-7.42095894366503	8.81	6.3897810978815
8.815	-6.79015501588583	8.815	6.56964824069291
8.82	-6.24946593493223	8.82	7.33408359764144
8.825	-6.15935108810663	8.825	7.24415002623573
8.83	-7.19567182660103	8.83	6.34481431217864
8.835	-6.83521243929863	8.835	6.83944895491004
8.84	-7.15061440318823	8.84	6.3897810978815
8.845	-6.47475305199623	8.845	6.70454859780148
8.85	-7.37590152025223	8.85	6.29984752647579
8.855	-7.69130348414183	8.855	5.85017966944724
8.86	-7.42095894366503	8.86	6.11998038366437
8.865	-7.60118863731623	8.865	5.49044538382441
8.87	-6.20440851151943	8.87	7.06428288342431
8.875	-7.46601636707783	8.875	5.53541216952726
8.88	-6.83521243929863	8.88	6.20991395507008
8.885	-6.20440851151943	8.885	6.92938252631575
8.89	-7.15061440318823	8.89	5.94011324085295
8.895	-6.92532728612423	8.895	6.29984752647579
8.9	-5.88900654762983	8.9	6.83944895491004
8.905	-6.33958078175783	8.905	6.52468145499006
8.91	-6.51981047540903	8.91	5.98508002655581
8.915	-6.51981047540903	8.915	6.3897810978815
8.92	-6.51981047540903	8.92	5.62534574093297
8.925	-6.11429366469383	8.925	6.25488074077293
8.93	-6.38463820517063	8.93	5.44547859812155
8.935	-5.39337489008903	8.935	6.20991395507008
8.94	-6.51981047540903	8.94	5.31057824101299
8.945	-6.51981047540903	8.945	4.95084395539016
8.95	-6.02417881786823	8.95	5.53541216952726
8.955	-7.19567182660103	8.955	3.78170752711594
8.96	-5.16808777302504	8.96	5.76024609804153
8.965	-4.85268580913544	8.965	5.76024609804153
8.97	-5.39337489008903	8.97	4.99581074109301
8.975	-6.56486789882183	8.975	3.37700645579025
8.98	-5.34831746667623	8.98	4.68104324117303
8.985	-5.75383427739143	8.985	4.23137538414449
8.99	-5.48348973691463	8.99	4.14144181273878
8.995	-4.53728384524584	8.995	5.04077752679586
9	-5.16808777302504	9	3.87164109852165
9.005	-5.39337489008903	9.005	4.14144181273878
9.01	-4.71751353889704	9.01	4.27634216984734
9.015	-5.79889170080423	9.015	2.43270395603031
9.02	-3.68119280040264	9.02	4.50117609836161
9.025	-3.59107795357704	9.025	3.51190681289881
9.03	-4.22188188135624	9.03	3.3320396700874
9.035	-4.58234126865864	9.035	3.06223895587027
9.04	-4.17682445794344	9.04	2.97230538446456
9.045	-3.27567598968744	9.045	3.46694002719596
9.05	-3.99659476429224	9.05	2.70250467024744
9.055	-5.57360458374023	9.055	0.948800027836114
9.06	-2.68992948532104	9.06	3.42197324149311
9.065	-3.86142249405384	9.065	2.29780359892175
9.07	-3.05038887262344	9.07	2.38773717032745
9.075	-3.63613537698984	9.075	1.17363395635039
9.08	-2.91521660238504	9.08	1.93806931329891
9.085	-4.31199672818184	9.085	-0.0404692576266825
9.09	-2.78004433214664	9.09	1.80316895619035
9.095	-3.54602053016424	9.095	0.858866456430405
9.1	-1.78878101706505	9.1	2.16290324181318
9.105	-1.56349390000105	9.105	1.53336824197322
9.11	-1.20303451269865	9.11	1.75820217048749
9.115	-1.83383844047785	9.115	1.26356752775609
9.12	-1.20303451269865	9.12	1.21860074205324
9.125	-2.28441267460585	9.125	-0.130402829032391
9.13	-1.60855132341385	9.13	0.319265027996153
9.135	-2.14924040436745	9.135	-0.670004257466644
9.14	-0.797517701983452	9.14	0.678999313618988
9.145	-1.20303451269865	9.145	0.184364670887589
9.15	0.193745613098145	9.15	0.813899670727551
9.155	0.193745613098145	9.155	0.768932885024697
9.16	-0.166713774204254	9.16	-0.175369614735246
9.165	-1.74372359365225	9.165	-2.10894139995798
9.17	-0.0765989273786545	9.17	-0.714971043169498
9.175	1.99604254961014	9.175	1.08370038494468
9.18	0.058573342859745	9.18	-1.11967211449519
9.185	-1.51843647658825	9.185	-2.69350961409509
9.19	0.644319847226143	9.19	-0.894838185980916
9.195	-1.60855132341385	9.195	-3.00827711401507
9.2	1.32018119841814	9.2	-0.93980497168377
9.205	3.93351175636053	9.205	1.44343467056751
9.21	1.41029604524374	9.21	-1.65927354292944
9.215	-0.392000891268253	9.215	-3.63781211385503
9.22	1.54546831548214	9.22	-2.19887497136369
9.225	3.93351175636053	9.225	-0.355236757546663
9.23	1.63558316230774	9.23	-2.60357604268938
9.235	3.84339690953493	9.235	-0.535103900358081
9.24	1.86087027937174	9.24	-2.69350961409509
9.245	4.20385629683733	9.245	-0.849871400278062
9.25	3.21259298175573	9.25	-2.15390818566084
9.255	-0.752460278570652	9.255	-6.51568639883772
9.26	2.80707617104054	9.26	-3.23311104252934
9.265	5.19511961191893	9.265	-1.38947282871231
9.27	2.71696132421494	9.27	-3.72774568526074
9.275	0.103630766272545	9.275	-6.11098532751203
9.28	2.98730586469173	9.28	-3.81767925666645
9.285	10.3767233043909	9.285	3.78170752711594
9.29	4.38408599048853	9.29	-3.18814425682649
9.295	8.75465606153011	9.295	0.813899670727551
9.3	3.88845433294773	9.3	-4.17741354228929
9.305	5.78086611628532	9.305	-2.37874211417511
9.31	3.84339690953493	9.31	-4.67204818502069
9.315	10.6020104214549	9.315	2.43270395603031
9.32	4.11374145001173	9.32	-4.67204818502069
9.325	14.3868339881301	9.325	6.03004681225866
9.33	5.24017703533173	9.33	-4.13244675658643
9.335	17.5859110504389	9.335	7.78375145466998
9.34	4.69948795437813	9.34	-5.16668282775208
9.345	13.1252261325717	9.345	3.10720574157313
9.35	4.56431568413973	9.35	-5.43648354196921
9.355	12.1339628174901	9.355	1.8481357418932
9.36	6.00615323334932	9.36	-4.67204818502069
9.365	13.5758003666997	9.365	2.74747145595029
9.37	5.37534930557013	9.37	-5.61635068478063
9.375	12.8548815920949	9.375	1.71323538478464
9.38	5.15006218850613	9.38	-6.02105175610632
9.385	13.7560300603509	9.385	2.43270395603031
9.39	5.24017703533173	9.39	-6.20091889891773
9.395	9.16017287224531	9.395	-2.46867568558082
9.4	6.68201458454132	9.4	-5.21164961345494
9.405	13.3054558262229	9.405	1.39846788486466
9.41	5.69075126945972	9.41	-6.38078604172915
9.415	12.0889053940773	9.415	-0.0854360433295369
9.42	5.96109580993652	9.42	-6.15595211321488
9.425	8.30408182740211	9.425	-4.08747997088358
9.43	7.04247397184372	9.43	-5.52641711337492
9.435	13.3054558262229	9.435	0.589065742213279
9.44	6.32155519723892	9.44	-6.38078604172915
9.445	7.22270366549492	9.445	-5.57138389907777
9.45	6.00615323334932	9.45	-6.78548711305484
9.455	6.95235912501812	9.455	-5.8411846132949
9.46	6.18638292700052	9.46	-6.51568639883772
9.465	6.68201458454132	9.465	-6.3358192560263
9.47	7.22270366549492	9.47	-5.75125104188919
9.475	6.59189973771572	9.475	-6.51568639883772
9.48	6.45672746747732	9.48	-6.65058675594628
9.485	6.59189973771572	9.485	-6.47071961313486
9.49	6.45672746747732	9.49	-6.74052032735199
9.495	6.99741654843092	9.495	-6.06601854180917
9.5	6.27649777382612	9.5	-6.87542068446055
9.505	6.41167004406452	9.505	-6.65058675594628
9.51	6.50178489089012	9.51	-6.3358192560263
9.515	6.50178489089012	9.515	-6.56065318454057
9.52	6.36661262065172	9.52	-6.29085247032344
9.525	6.36661262065172	9.525	-6.51568639883772
9.53	6.41167004406452	9.53	-6.56065318454057
9.535	6.41167004406452	9.535	-6.47071961313486
9.54	6.09626808017492	9.54	-6.69555354164913
9.545	6.23144035041332	9.545	-6.42575282743201
9.55	5.96109580993652	9.55	-6.38078604172915
9.555	6.23144035041332	9.555	-6.3358192560263
9.56	6.68201458454132	9.56	-5.57138389907777
9.565	6.09626808017492	9.565	-6.20091889891773
9.57	5.91603838652372	9.57	-6.3358192560263
9.575	5.96109580993652	9.575	-6.11098532751203
9.58	5.60063642263412	9.58	-6.3358192560263
9.585	5.91603838652372	9.585	-5.97608497040346
9.59	5.87098096311092	9.59	-5.57138389907777
9.595	5.78086611628532	9.595	-5.8411846132949
9.6	6.36661262065172	9.6	-5.16668282775208
9.605	5.60063642263412	9.605	-5.70628425618634
9.61	5.51052157580852	9.61	-5.70628425618634
9.615	5.42040672898293	9.615	-5.57138389907777
9.62	5.33029188215733	9.62	-5.52641711337492
9.625	5.19511961191893	9.625	-5.3465499705635
9.63	4.74454537779093	9.63	-5.52641711337492
9.635	5.01488991826773	9.635	-5.16668282775208
9.64	4.60937310755253	9.64	-5.30158318486065
9.645	4.78960280120373	9.645	-5.03178247064352
9.65	5.60063642263412	9.65	-4.08747997088358
9.655	4.69948795437813	9.655	-4.71701497072354
9.66	4.51925826072693	9.66	-4.76198175642639
9.665	4.42914341390133	9.665	-4.53714782791212
9.67	3.97856917977333	9.67	-4.71701497072354
9.675	4.11374145001173	9.675	-4.3572806851007
9.68	3.70822463929653	9.68	-4.49218104220927
9.685	3.93351175636053	9.685	-4.08747997088358
9.69	4.69948795437813	9.69	-3.14317747112364
9.695	3.93351175636053	9.695	-3.54787854244933
9.7	4.38408599048853	9.7	-2.82840997120366
9.705	3.75328206270933	9.705	-3.23311104252934
9.71	3.39282267540693	9.71	-3.41297818534076
9.715	3.16753555834293	9.715	-3.2780778282322
9.72	2.85213359445333	9.72	-3.45794497104362
9.725	2.94224844127893	9.725	-2.96331032831222
9.73	2.40155936032534	9.73	-3.00827711401507
9.735	2.53673163056374	9.735	-2.7834431855008
9.74	2.71696132421494	9.74	-2.15390818566084
9.745	2.22132966667414	9.745	-2.42370889987797
9.75	2.98730586469173	9.75	-1.52437318582088
9.755	2.31144451349974	9.755	-1.88410747144371
9.76	2.22132966667414	9.76	-1.794173900038
9.765	2.17627224326134	9.765	-1.52437318582088
9.77	1.63558316230774	9.77	-1.794173900038
9.775	1.50041089206934	9.775	-1.56933997152373
9.78	1.27512377500534	9.78	-1.52437318582088
9.785	1.23006635159254	9.785	-1.25457247160375
9.79	0.959721811115742	9.79	-0.93980497168377
9.795	0.824549540877342	9.795	-0.93980497168377
9.8	1.32018119841814	9.8	-0.265303186140954
9.805	0.644319847226143	9.805	-0.580070686060935
9.81	0.419032730162144	9.81	-0.62503747176379
9.815	0.193745613098145	9.815	-0.490137114655226
9.82	-0.301886044442654	9.82	-0.580070686060935
9.825	-0.662345431745052	9.825	-0.445170328952372
9.83	0.599262423813343	9.83	0.813899670727551
9.835	-0.121656350791454	9.835	0.49913217080757
9.84	-0.572230584919453	9.84	0.319265027996153
9.845	-0.887632548809052	9.845	0.229331456590444
9.85	-1.33820678293705	9.85	0.319265027996153
9.855	-1.06786224246025	9.855	0.813899670727551
9.86	-1.47337905317545	9.86	0.948800027836114
9.865	-1.29314935952425	9.865	1.53336824197322
9.87	-1.51843647658825	9.87	1.26356752775609
9.875	-1.06786224246025	9.875	2.16290324181318
9.88	-1.92395328730345	9.88	1.39846788486466
9.885	-1.96901071071625	9.885	1.66826859908178
9.89	-2.55475721508265	9.89	1.48840145627037
9.895	-2.28441267460585	9.895	1.8481357418932
9.9	-2.68992948532104	9.9	2.16290324181318
9.905	-2.73498690873384	9.905	2.16290324181318
9.91	-2.14924040436745	9.91	3.10720574157313
9.915	-3.05038887262344	9.915	2.52263752743602
9.92	-2.23935525119305	9.92	3.37700645579025
9.925	-3.32073341310024	9.925	2.88237181305885
9.93	-3.45590568333864	9.93	2.70250467024744
9.935	-3.27567598968744	9.935	3.28707288438454
9.94	-3.77130764722824	9.94	2.97230538446456
9.945	-3.68119280040264	9.945	3.37700645579025
9.95	-4.31199672818184	9.95	3.28707288438454
9.955	-4.04165218770504	9.955	3.51190681289881
9.96	-3.63613537698984	9.96	4.36627574125305
9.965	-4.94280065596104	9.965	3.46694002719596
9.97	-4.35705415159464	9.97	4.00654145563021
9.975	-4.13176703453064	9.975	4.72601002687588
9.98	-4.94280065596104	9.98	3.8266743128188
9.985	-4.76257096230984	9.985	4.27634216984734
9.99	-4.49222642183304	9.99	4.99581074109301
9.995	-4.80762838572264	9.995	4.72601002687588
